{
    "customer_1": {
        "coordinates": {
            "x": 52.0,
            "y": 75.0
        },
        "demand": 10.0,
        "due_time": 568.0,
        "ready_time": 213.0,
        "service_time": 90.0
    },
    "customer_10": {
        "coordinates": {
            "x": 35.0,
            "y": 66.0
        },
        "demand": 10.0,
        "due_time": 3113.0,
        "ready_time": 2628.0,
        "service_time": 90.0
    },
    "customer_100": {
        "coordinates": {
            "x": 55.0,
            "y": 85.0
        },
        "demand": 20.0,
        "due_time": 790.0,
        "ready_time": 373.0,
        "service_time": 90.0
    },
    "customer_11": {
        "coordinates": {
            "x": 35.0,
            "y": 69.0
        },
        "demand": 10.0,
        "due_time": 2952.0,
        "ready_time": 2603.0,
        "service_time": 90.0
    },
    "customer_12": {
        "coordinates": {
            "x": 25.0,
            "y": 85.0
        },
        "demand": 20.0,
        "due_time": 2412.0,
        "ready_time": 1985.0,
        "service_time": 90.0
    },
    "customer_13": {
        "coordinates": {
            "x": 22.0,
            "y": 75.0
        },
        "demand": 30.0,
        "due_time": 2659.0,
        "ready_time": 2310.0,
        "service_time": 90.0
    },
    "customer_14": {
        "coordinates": {
            "x": 22.0,
            "y": 85.0
        },
        "demand": 10.0,
        "due_time": 2365.0,
        "ready_time": 1846.0,
        "service_time": 90.0
    },
    "customer_15": {
        "coordinates": {
            "x": 20.0,
            "y": 80.0
        },
        "demand": 40.0,
        "due_time": 2514.0,
        "ready_time": 2077.0,
        "service_time": 90.0
    },
    "customer_16": {
        "coordinates": {
            "x": 20.0,
            "y": 85.0
        },
        "demand": 40.0,
        "due_time": 2264.0,
        "ready_time": 1763.0,
        "service_time": 90.0
    },
    "customer_17": {
        "coordinates": {
            "x": 18.0,
            "y": 75.0
        },
        "demand": 20.0,
        "due_time": 2638.0,
        "ready_time": 2143.0,
        "service_time": 90.0
    },
    "customer_18": {
        "coordinates": {
            "x": 15.0,
            "y": 75.0
        },
        "demand": 20.0,
        "due_time": 2083.0,
        "ready_time": 1560.0,
        "service_time": 90.0
    },
    "customer_19": {
        "coordinates": {
            "x": 15.0,
            "y": 80.0
        },
        "demand": 10.0,
        "due_time": 2144.0,
        "ready_time": 1689.0,
        "service_time": 90.0
    },
    "customer_2": {
        "coordinates": {
            "x": 45.0,
            "y": 70.0
        },
        "demand": 30.0,
        "due_time": 563.0,
        "ready_time": 22.0,
        "service_time": 90.0
    },
    "customer_20": {
        "coordinates": {
            "x": 30.0,
            "y": 50.0
        },
        "demand": 10.0,
        "due_time": 645.0,
        "ready_time": 10.0,
        "service_time": 90.0
    },
    "customer_21": {
        "coordinates": {
            "x": 30.0,
            "y": 56.0
        },
        "demand": 20.0,
        "due_time": 3288.0,
        "ready_time": 2675.0,
        "service_time": 90.0
    },
    "customer_22": {
        "coordinates": {
            "x": 28.0,
            "y": 52.0
        },
        "demand": 20.0,
        "due_time": 505.0,
        "ready_time": 12.0,
        "service_time": 90.0
    },
    "customer_23": {
        "coordinates": {
            "x": 14.0,
            "y": 66.0
        },
        "demand": 10.0,
        "due_time": 1926.0,
        "ready_time": 1519.0,
        "service_time": 90.0
    },
    "customer_24": {
        "coordinates": {
            "x": 25.0,
            "y": 50.0
        },
        "demand": 10.0,
        "due_time": 368.0,
        "ready_time": 23.0,
        "service_time": 90.0
    },
    "customer_25": {
        "coordinates": {
            "x": 22.0,
            "y": 66.0
        },
        "demand": 40.0,
        "due_time": 2787.0,
        "ready_time": 2380.0,
        "service_time": 90.0
    },
    "customer_26": {
        "coordinates": {
            "x": 8.0,
            "y": 62.0
        },
        "demand": 10.0,
        "due_time": 1919.0,
        "ready_time": 1330.0,
        "service_time": 90.0
    },
    "customer_27": {
        "coordinates": {
            "x": 23.0,
            "y": 52.0
        },
        "demand": 10.0,
        "due_time": 484.0,
        "ready_time": 93.0,
        "service_time": 90.0
    },
    "customer_28": {
        "coordinates": {
            "x": 4.0,
            "y": 55.0
        },
        "demand": 20.0,
        "due_time": 1785.0,
        "ready_time": 1268.0,
        "service_time": 90.0
    },
    "customer_29": {
        "coordinates": {
            "x": 20.0,
            "y": 50.0
        },
        "demand": 10.0,
        "due_time": 787.0,
        "ready_time": 168.0,
        "service_time": 90.0
    },
    "customer_3": {
        "coordinates": {
            "x": 62.0,
            "y": 69.0
        },
        "demand": 10.0,
        "due_time": 1463.0,
        "ready_time": 1030.0,
        "service_time": 90.0
    },
    "customer_30": {
        "coordinates": {
            "x": 20.0,
            "y": 55.0
        },
        "demand": 10.0,
        "due_time": 595.0,
        "ready_time": 170.0,
        "service_time": 90.0
    },
    "customer_31": {
        "coordinates": {
            "x": 10.0,
            "y": 35.0
        },
        "demand": 20.0,
        "due_time": 1136.0,
        "ready_time": 585.0,
        "service_time": 90.0
    },
    "customer_32": {
        "coordinates": {
            "x": 10.0,
            "y": 40.0
        },
        "demand": 30.0,
        "due_time": 897.0,
        "ready_time": 448.0,
        "service_time": 90.0
    },
    "customer_33": {
        "coordinates": {
            "x": 8.0,
            "y": 40.0
        },
        "demand": 40.0,
        "due_time": 1030.0,
        "ready_time": 499.0,
        "service_time": 90.0
    },
    "customer_34": {
        "coordinates": {
            "x": 8.0,
            "y": 45.0
        },
        "demand": 20.0,
        "due_time": 1661.0,
        "ready_time": 1190.0,
        "service_time": 90.0
    },
    "customer_35": {
        "coordinates": {
            "x": 5.0,
            "y": 35.0
        },
        "demand": 10.0,
        "due_time": 1245.0,
        "ready_time": 666.0,
        "service_time": 90.0
    },
    "customer_36": {
        "coordinates": {
            "x": 5.0,
            "y": 45.0
        },
        "demand": 10.0,
        "due_time": 1589.0,
        "ready_time": 1076.0,
        "service_time": 90.0
    },
    "customer_37": {
        "coordinates": {
            "x": 2.0,
            "y": 40.0
        },
        "demand": 20.0,
        "due_time": 1329.0,
        "ready_time": 772.0,
        "service_time": 90.0
    },
    "customer_38": {
        "coordinates": {
            "x": 0.0,
            "y": 40.0
        },
        "demand": 30.0,
        "due_time": 1395.0,
        "ready_time": 890.0,
        "service_time": 90.0
    },
    "customer_39": {
        "coordinates": {
            "x": 0.0,
            "y": 45.0
        },
        "demand": 20.0,
        "due_time": 1439.0,
        "ready_time": 1036.0,
        "service_time": 90.0
    },
    "customer_4": {
        "coordinates": {
            "x": 60.0,
            "y": 66.0
        },
        "demand": 10.0,
        "due_time": 1527.0,
        "ready_time": 1154.0,
        "service_time": 90.0
    },
    "customer_40": {
        "coordinates": {
            "x": 36.0,
            "y": 18.0
        },
        "demand": 10.0,
        "due_time": 2185.0,
        "ready_time": 1612.0,
        "service_time": 90.0
    },
    "customer_41": {
        "coordinates": {
            "x": 35.0,
            "y": 32.0
        },
        "demand": 10.0,
        "due_time": 3076.0,
        "ready_time": 2599.0,
        "service_time": 90.0
    },
    "customer_42": {
        "coordinates": {
            "x": 33.0,
            "y": 32.0
        },
        "demand": 20.0,
        "due_time": 2962.0,
        "ready_time": 2529.0,
        "service_time": 90.0
    },
    "customer_43": {
        "coordinates": {
            "x": 33.0,
            "y": 35.0
        },
        "demand": 10.0,
        "due_time": 2842.0,
        "ready_time": 2463.0,
        "service_time": 90.0
    },
    "customer_44": {
        "coordinates": {
            "x": 32.0,
            "y": 20.0
        },
        "demand": 10.0,
        "due_time": 2240.0,
        "ready_time": 1745.0,
        "service_time": 90.0
    },
    "customer_45": {
        "coordinates": {
            "x": 30.0,
            "y": 30.0
        },
        "demand": 10.0,
        "due_time": 2437.0,
        "ready_time": 1932.0,
        "service_time": 90.0
    },
    "customer_46": {
        "coordinates": {
            "x": 34.0,
            "y": 25.0
        },
        "demand": 30.0,
        "due_time": 2293.0,
        "ready_time": 1884.0,
        "service_time": 90.0
    },
    "customer_47": {
        "coordinates": {
            "x": 30.0,
            "y": 35.0
        },
        "demand": 10.0,
        "due_time": 2771.0,
        "ready_time": 2348.0,
        "service_time": 90.0
    },
    "customer_48": {
        "coordinates": {
            "x": 36.0,
            "y": 40.0
        },
        "demand": 10.0,
        "due_time": 3156.0,
        "ready_time": 2715.0,
        "service_time": 90.0
    },
    "customer_49": {
        "coordinates": {
            "x": 48.0,
            "y": 20.0
        },
        "demand": 10.0,
        "due_time": 1281.0,
        "ready_time": 812.0,
        "service_time": 90.0
    },
    "customer_5": {
        "coordinates": {
            "x": 42.0,
            "y": 65.0
        },
        "demand": 10.0,
        "due_time": 402.0,
        "ready_time": 15.0,
        "service_time": 90.0
    },
    "customer_50": {
        "coordinates": {
            "x": 26.0,
            "y": 32.0
        },
        "demand": 10.0,
        "due_time": 2725.0,
        "ready_time": 2018.0,
        "service_time": 90.0
    },
    "customer_51": {
        "coordinates": {
            "x": 25.0,
            "y": 30.0
        },
        "demand": 10.0,
        "due_time": 2544.0,
        "ready_time": 2015.0,
        "service_time": 90.0
    },
    "customer_52": {
        "coordinates": {
            "x": 25.0,
            "y": 35.0
        },
        "demand": 10.0,
        "due_time": 2728.0,
        "ready_time": 2201.0,
        "service_time": 90.0
    },
    "customer_53": {
        "coordinates": {
            "x": 44.0,
            "y": 5.0
        },
        "demand": 20.0,
        "due_time": 1593.0,
        "ready_time": 1078.0,
        "service_time": 90.0
    },
    "customer_54": {
        "coordinates": {
            "x": 42.0,
            "y": 10.0
        },
        "demand": 40.0,
        "due_time": 1481.0,
        "ready_time": 998.0,
        "service_time": 90.0
    },
    "customer_55": {
        "coordinates": {
            "x": 42.0,
            "y": 15.0
        },
        "demand": 10.0,
        "due_time": 1392.0,
        "ready_time": 897.0,
        "service_time": 90.0
    },
    "customer_56": {
        "coordinates": {
            "x": 40.0,
            "y": 5.0
        },
        "demand": 30.0,
        "due_time": 1660.0,
        "ready_time": 1199.0,
        "service_time": 90.0
    },
    "customer_57": {
        "coordinates": {
            "x": 38.0,
            "y": 15.0
        },
        "demand": 40.0,
        "due_time": 2057.0,
        "ready_time": 1552.0,
        "service_time": 90.0
    },
    "customer_58": {
        "coordinates": {
            "x": 38.0,
            "y": 5.0
        },
        "demand": 30.0,
        "due_time": 1780.0,
        "ready_time": 1263.0,
        "service_time": 90.0
    },
    "customer_59": {
        "coordinates": {
            "x": 38.0,
            "y": 10.0
        },
        "demand": 10.0,
        "due_time": 1921.0,
        "ready_time": 1498.0,
        "service_time": 90.0
    },
    "customer_6": {
        "coordinates": {
            "x": 16.0,
            "y": 42.0
        },
        "demand": 20.0,
        "due_time": 822.0,
        "ready_time": 331.0,
        "service_time": 90.0
    },
    "customer_60": {
        "coordinates": {
            "x": 35.0,
            "y": 5.0
        },
        "demand": 20.0,
        "due_time": 1904.0,
        "ready_time": 1325.0,
        "service_time": 90.0
    },
    "customer_61": {
        "coordinates": {
            "x": 50.0,
            "y": 30.0
        },
        "demand": 10.0,
        "due_time": 738.0,
        "ready_time": 223.0,
        "service_time": 90.0
    },
    "customer_62": {
        "coordinates": {
            "x": 50.0,
            "y": 35.0
        },
        "demand": 20.0,
        "due_time": 474.0,
        "ready_time": 18.0,
        "service_time": 90.0
    },
    "customer_63": {
        "coordinates": {
            "x": 50.0,
            "y": 40.0
        },
        "demand": 50.0,
        "due_time": 360.0,
        "ready_time": 14.0,
        "service_time": 90.0
    },
    "customer_64": {
        "coordinates": {
            "x": 48.0,
            "y": 30.0
        },
        "demand": 10.0,
        "due_time": 899.0,
        "ready_time": 246.0,
        "service_time": 90.0
    },
    "customer_65": {
        "coordinates": {
            "x": 44.0,
            "y": 25.0
        },
        "demand": 10.0,
        "due_time": 1197.0,
        "ready_time": 704.0,
        "service_time": 90.0
    },
    "customer_66": {
        "coordinates": {
            "x": 47.0,
            "y": 35.0
        },
        "demand": 10.0,
        "due_time": 942.0,
        "ready_time": 393.0,
        "service_time": 90.0
    },
    "customer_67": {
        "coordinates": {
            "x": 47.0,
            "y": 40.0
        },
        "demand": 10.0,
        "due_time": 424.0,
        "ready_time": 12.0,
        "service_time": 90.0
    },
    "customer_68": {
        "coordinates": {
            "x": 42.0,
            "y": 30.0
        },
        "demand": 10.0,
        "due_time": 1070.0,
        "ready_time": 641.0,
        "service_time": 90.0
    },
    "customer_69": {
        "coordinates": {
            "x": 45.0,
            "y": 35.0
        },
        "demand": 10.0,
        "due_time": 985.0,
        "ready_time": 534.0,
        "service_time": 90.0
    },
    "customer_7": {
        "coordinates": {
            "x": 58.0,
            "y": 70.0
        },
        "demand": 20.0,
        "due_time": 1340.0,
        "ready_time": 965.0,
        "service_time": 90.0
    },
    "customer_70": {
        "coordinates": {
            "x": 95.0,
            "y": 30.0
        },
        "demand": 30.0,
        "due_time": 2682.0,
        "ready_time": 2119.0,
        "service_time": 90.0
    },
    "customer_71": {
        "coordinates": {
            "x": 95.0,
            "y": 35.0
        },
        "demand": 20.0,
        "due_time": 2532.0,
        "ready_time": 2079.0,
        "service_time": 90.0
    },
    "customer_72": {
        "coordinates": {
            "x": 53.0,
            "y": 30.0
        },
        "demand": 10.0,
        "due_time": 644.0,
        "ready_time": 131.0,
        "service_time": 90.0
    },
    "customer_73": {
        "coordinates": {
            "x": 92.0,
            "y": 30.0
        },
        "demand": 10.0,
        "due_time": 2818.0,
        "ready_time": 2169.0,
        "service_time": 90.0
    },
    "customer_74": {
        "coordinates": {
            "x": 53.0,
            "y": 35.0
        },
        "demand": 50.0,
        "due_time": 498.0,
        "ready_time": 87.0,
        "service_time": 90.0
    },
    "customer_75": {
        "coordinates": {
            "x": 45.0,
            "y": 65.0
        },
        "demand": 20.0,
        "due_time": 607.0,
        "ready_time": 15.0,
        "service_time": 90.0
    },
    "customer_76": {
        "coordinates": {
            "x": 90.0,
            "y": 35.0
        },
        "demand": 10.0,
        "due_time": 2419.0,
        "ready_time": 2002.0,
        "service_time": 90.0
    },
    "customer_77": {
        "coordinates": {
            "x": 72.0,
            "y": 45.0
        },
        "demand": 10.0,
        "due_time": 3258.0,
        "ready_time": 2701.0,
        "service_time": 90.0
    },
    "customer_78": {
        "coordinates": {
            "x": 78.0,
            "y": 40.0
        },
        "demand": 20.0,
        "due_time": 3164.0,
        "ready_time": 2599.0,
        "service_time": 90.0
    },
    "customer_79": {
        "coordinates": {
            "x": 87.0,
            "y": 30.0
        },
        "demand": 10.0,
        "due_time": 2870.0,
        "ready_time": 2505.0,
        "service_time": 90.0
    },
    "customer_8": {
        "coordinates": {
            "x": 34.0,
            "y": 60.0
        },
        "demand": 20.0,
        "due_time": 3280.0,
        "ready_time": 2653.0,
        "service_time": 90.0
    },
    "customer_80": {
        "coordinates": {
            "x": 85.0,
            "y": 25.0
        },
        "demand": 10.0,
        "due_time": 2816.0,
        "ready_time": 2369.0,
        "service_time": 90.0
    },
    "customer_81": {
        "coordinates": {
            "x": 85.0,
            "y": 35.0
        },
        "demand": 30.0,
        "due_time": 3002.0,
        "ready_time": 2563.0,
        "service_time": 90.0
    },
    "customer_82": {
        "coordinates": {
            "x": 75.0,
            "y": 55.0
        },
        "demand": 20.0,
        "due_time": 2226.0,
        "ready_time": 1783.0,
        "service_time": 90.0
    },
    "customer_83": {
        "coordinates": {
            "x": 72.0,
            "y": 55.0
        },
        "demand": 10.0,
        "due_time": 2232.0,
        "ready_time": 1591.0,
        "service_time": 90.0
    },
    "customer_84": {
        "coordinates": {
            "x": 70.0,
            "y": 58.0
        },
        "demand": 20.0,
        "due_time": 1928.0,
        "ready_time": 1513.0,
        "service_time": 90.0
    },
    "customer_85": {
        "coordinates": {
            "x": 86.0,
            "y": 46.0
        },
        "demand": 30.0,
        "due_time": 2388.0,
        "ready_time": 1829.0,
        "service_time": 90.0
    },
    "customer_86": {
        "coordinates": {
            "x": 66.0,
            "y": 55.0
        },
        "demand": 10.0,
        "due_time": 2027.0,
        "ready_time": 1604.0,
        "service_time": 90.0
    },
    "customer_87": {
        "coordinates": {
            "x": 64.0,
            "y": 46.0
        },
        "demand": 20.0,
        "due_time": 3275.0,
        "ready_time": 2976.0,
        "service_time": 90.0
    },
    "customer_88": {
        "coordinates": {
            "x": 65.0,
            "y": 60.0
        },
        "demand": 30.0,
        "due_time": 1913.0,
        "ready_time": 1338.0,
        "service_time": 90.0
    },
    "customer_89": {
        "coordinates": {
            "x": 56.0,
            "y": 64.0
        },
        "demand": 10.0,
        "due_time": 1753.0,
        "ready_time": 1116.0,
        "service_time": 90.0
    },
    "customer_9": {
        "coordinates": {
            "x": 28.0,
            "y": 70.0
        },
        "demand": 10.0,
        "due_time": 2976.0,
        "ready_time": 2385.0,
        "service_time": 90.0
    },
    "customer_90": {
        "coordinates": {
            "x": 60.0,
            "y": 55.0
        },
        "demand": 10.0,
        "due_time": 3279.0,
        "ready_time": 2789.0,
        "service_time": 90.0
    },
    "customer_91": {
        "coordinates": {
            "x": 60.0,
            "y": 60.0
        },
        "demand": 10.0,
        "due_time": 1712.0,
        "ready_time": 1349.0,
        "service_time": 90.0
    },
    "customer_92": {
        "coordinates": {
            "x": 67.0,
            "y": 85.0
        },
        "demand": 20.0,
        "due_time": 1029.0,
        "ready_time": 518.0,
        "service_time": 90.0
    },
    "customer_93": {
        "coordinates": {
            "x": 42.0,
            "y": 58.0
        },
        "demand": 40.0,
        "due_time": 509.0,
        "ready_time": 8.0,
        "service_time": 90.0
    },
    "customer_94": {
        "coordinates": {
            "x": 65.0,
            "y": 82.0
        },
        "demand": 10.0,
        "due_time": 1186.0,
        "ready_time": 549.0,
        "service_time": 90.0
    },
    "customer_95": {
        "coordinates": {
            "x": 62.0,
            "y": 80.0
        },
        "demand": 30.0,
        "due_time": 1177.0,
        "ready_time": 744.0,
        "service_time": 90.0
    },
    "customer_96": {
        "coordinates": {
            "x": 62.0,
            "y": 40.0
        },
        "demand": 10.0,
        "due_time": 3275.0,
        "ready_time": 2713.0,
        "service_time": 90.0
    },
    "customer_97": {
        "coordinates": {
            "x": 60.0,
            "y": 85.0
        },
        "demand": 30.0,
        "due_time": 956.0,
        "ready_time": 397.0,
        "service_time": 90.0
    },
    "customer_98": {
        "coordinates": {
            "x": 58.0,
            "y": 75.0
        },
        "demand": 20.0,
        "due_time": 1276.0,
        "ready_time": 839.0,
        "service_time": 90.0
    },
    "customer_99": {
        "coordinates": {
            "x": 55.0,
            "y": 80.0
        },
        "demand": 10.0,
        "due_time": 701.0,
        "ready_time": 272.0,
        "service_time": 90.0
    },
    "depart": {
        "coordinates": {
            "x": 40.0,
            "y": 50.0
        },
        "demand": 0.0,
        "due_time": 3390.0,
        "ready_time": 0.0,
        "service_time": 0.0
    },
    "distance_matrix": [
        [
            0.0,
            27.730849247724095,
            20.615528128088304,
            29.068883707497267,
            25.612496949731394,
            15.132745950421556,
            25.298221281347036,
            26.90724809414742,
            11.661903789690601,
            23.323807579381203,
            16.76305461424021,
            19.6468827043885,
            38.07886552931954,
            30.805843601498726,
            39.35733730830886,
            36.05551275463989,
            40.311288741492746,
            33.301651610693426,
            35.35533905932738,
            39.05124837953327,
            10.0,
            11.661903789690601,
            12.165525060596439,
            30.528675044947494,
            15.0,
            24.08318915758459
        ],
        [
            27.730849247724095,
            0.0,
            8.602325267042627,
            11.661903789690601,
            12.041594578792296,
            14.142135623730951,
            48.83646178829912,
            7.810249675906654,
            23.430749027719962,
            24.515301344262525,
            19.235384061671343,
            18.027756377319946,
            28.792360097775937,
            30.0,
            31.622776601683793,
            32.38826948140329,
            33.52610922848042,
            34.0,
            37.0,
            37.33630940518894,
            33.301651610693426,
            29.068883707497267,
            33.24154027718932,
            39.05124837953327,
            36.796738985948195,
            31.32091952673165
        ],
        [
            20.615528128088304,
            8.602325267042627,
            0.0,
            17.029386365926403,
            15.524174696260024,
            5.830951894845301,
            40.311288741492746,
            13.0,
            14.866068747318506,
            17.0,
            10.770329614269007,
            10.04987562112089,
            25.0,
            23.53720459187964,
            27.459060435491963,
            26.92582403567252,
            29.154759474226502,
            27.459060435491963,
            30.4138126514911,
            31.622776601683793,
            25.0,
            20.518284528683193,
            24.758836806279895,
            31.25699921617557,
            28.284271247461902,
            23.345235059857504
        ],
        [
            29.068883707497267,
            11.661903789690601,
            17.029386365926403,
            0.0,
            3.605551275463989,
            20.396078054371138,
            53.33854141237835,
            4.123105625617661,
            29.410882339705484,
            34.0147027033899,
            27.16615541441225,
            27.0,
            40.311288741492746,
            40.44749683231337,
            43.08131845707603,
            43.41658669218482,
            44.94441010848846,
            44.40720662234904,
            47.38143096192854,
            48.27007354458868,
            37.21558813185679,
            34.539832078341085,
            38.01315561749642,
            48.093658625644196,
            41.593268686170845,
            40.11234224026316
        ],
        [
            25.612496949731394,
            12.041594578792296,
            15.524174696260024,
            3.605551275463989,
            0.0,
            18.027756377319946,
            50.11985634456667,
            4.47213595499958,
            26.68332812825267,
            32.2490309931942,
            25.0,
            25.179356624028344,
            39.824615503479755,
            39.05124837953327,
            42.485291572496,
            42.37924020083418,
            44.28317965096906,
            42.95346318982906,
            45.89117562233506,
            47.12748667179272,
            34.0,
            31.622776601683793,
            34.92849839314596,
            46.0,
            38.48376280978771,
            38.0
        ],
        [
            15.132745950421556,
            14.142135623730951,
            5.830951894845301,
            20.396078054371138,
            18.027756377319946,
            0.0,
            34.713109915419565,
            16.76305461424021,
            9.433981132056603,
            14.866068747318506,
            7.0710678118654755,
            8.06225774829855,
            26.248809496813376,
            22.360679774997898,
            28.284271247461902,
            26.627053911388696,
            29.732137494637012,
            26.0,
            28.792360097775937,
            30.886890422961002,
            19.209372712298546,
            15.0,
            19.1049731745428,
            28.0178514522438,
            22.67156809750927,
            20.024984394500787
        ],
        [
            25.298221281347036,
            48.83646178829912,
            40.311288741492746,
            53.33854141237835,
            50.11985634456667,
            34.713109915419565,
            0.0,
            50.47771785649585,
            25.45584412271571,
            30.463092423455635,
            30.610455730027933,
            33.015148038438355,
            43.93176527297759,
            33.54101966249684,
            43.41658669218482,
            38.2099463490856,
            43.18564576337837,
            33.06055050963308,
            33.015148038438355,
            38.01315561749642,
            16.1245154965971,
            19.79898987322333,
            15.620499351813308,
            24.08318915758459,
            12.041594578792296,
            24.73863375370596
        ],
        [
            26.90724809414742,
            7.810249675906654,
            13.0,
            4.123105625617661,
            4.47213595499958,
            16.76305461424021,
            50.47771785649585,
            0.0,
            26.0,
            30.0,
            23.345235059857504,
            23.021728866442675,
            36.24913792078372,
            36.345563690772494,
            39.0,
            39.293765408777,
            40.85339643163099,
            40.311288741492746,
            43.289721643826724,
            44.14748010928823,
            34.40930106817051,
            31.304951684997057,
            34.9857113690718,
            44.181444068749045,
            38.58756276314948,
            36.22154055254967
        ],
        [
            11.661903789690601,
            23.430749027719962,
            14.866068747318506,
            29.410882339705484,
            26.68332812825267,
            9.433981132056603,
            25.45584412271571,
            26.0,
            0.0,
            11.661903789690601,
            6.082762530298219,
            9.055385138137417,
            26.570660511172846,
            19.209372712298546,
            27.730849247724095,
            24.413111231467404,
            28.653097563788805,
            21.93171219946131,
            24.20743687382041,
            27.586228448267445,
            10.770329614269007,
            5.656854249492381,
            10.0,
            20.8806130178211,
            13.45362404707371,
            13.416407864998739
        ],
        [
            23.323807579381203,
            24.515301344262525,
            17.0,
            34.0147027033899,
            32.2490309931942,
            14.866068747318506,
            30.463092423455635,
            30.0,
            11.661903789690601,
            0.0,
            8.06225774829855,
            7.0710678118654755,
            15.297058540778355,
            7.810249675906654,
            16.15549442140351,
            12.806248474865697,
            17.0,
            11.180339887498949,
            13.92838827718412,
            16.401219466856727,
            20.09975124224178,
            14.142135623730951,
            18.0,
            14.560219778561036,
            20.223748416156685,
            7.211102550927978
        ],
        [
            16.76305461424021,
            19.235384061671343,
            10.770329614269007,
            27.16615541441225,
            25.0,
            7.0710678118654755,
            30.610455730027933,
            23.345235059857504,
            6.082762530298219,
            8.06225774829855,
            0.0,
            3.0,
            21.470910553583888,
            15.811388300841896,
            23.021728866442675,
            20.518284528683193,
            24.20743687382041,
            19.235384061671343,
            21.93171219946131,
            24.413111231467404,
            16.76305461424021,
            11.180339887498949,
            15.652475842498529,
            21.0,
            18.867962264113206,
            13.0
        ],
        [
            19.6468827043885,
            18.027756377319946,
            10.04987562112089,
            27.0,
            25.179356624028344,
            8.06225774829855,
            33.015148038438355,
            23.021728866442675,
            9.055385138137417,
            7.0710678118654755,
            3.0,
            0.0,
            18.867962264113206,
            14.317821063276353,
            20.615528128088304,
            18.601075237738275,
            21.93171219946131,
            18.027756377319946,
            20.8806130178211,
            22.825424421026653,
            19.6468827043885,
            13.92838827718412,
            18.384776310850235,
            21.213203435596427,
            21.470910553583888,
            13.341664064126334
        ],
        [
            38.07886552931954,
            28.792360097775937,
            25.0,
            40.311288741492746,
            39.824615503479755,
            26.248809496813376,
            43.93176527297759,
            36.24913792078372,
            26.570660511172846,
            15.297058540778355,
            21.470910553583888,
            18.867962264113206,
            0.0,
            10.44030650891055,
            3.0,
            7.0710678118654755,
            5.0,
            12.206555615733702,
            14.142135623730951,
            11.180339887498949,
            35.35533905932738,
            29.427877939124322,
            33.13608305156178,
            21.95449840010015,
            35.0,
            19.235384061671343
        ],
        [
            30.805843601498726,
            30.0,
            23.53720459187964,
            40.44749683231337,
            39.05124837953327,
            22.360679774997898,
            33.54101966249684,
            36.345563690772494,
            19.209372712298546,
            7.810249675906654,
            15.811388300841896,
            14.317821063276353,
            10.44030650891055,
            0.0,
            10.0,
            5.385164807134504,
            10.198039027185569,
            4.0,
            7.0,
            8.602325267042627,
            26.248809496813376,
            20.615528128088304,
            23.769728648009426,
            12.041594578792296,
            25.179356624028344,
            9.0
        ],
        [
            39.35733730830886,
            31.622776601683793,
            27.459060435491963,
            43.08131845707603,
            42.485291572496,
            28.284271247461902,
            43.41658669218482,
            39.0,
            27.730849247724095,
            16.15549442140351,
            23.021728866442675,
            20.615528128088304,
            3.0,
            10.0,
            0.0,
            5.385164807134504,
            2.0,
            10.770329614269007,
            12.206555615733702,
            8.602325267042627,
            35.90264614203248,
            30.083217912982647,
            33.54101966249684,
            20.615528128088304,
            35.12833614050059,
            19.0
        ],
        [
            36.05551275463989,
            32.38826948140329,
            26.92582403567252,
            43.41658669218482,
            42.37924020083418,
            26.627053911388696,
            38.2099463490856,
            39.293765408777,
            24.413111231467404,
            12.806248474865697,
            20.518284528683193,
            18.601075237738275,
            7.0710678118654755,
            5.385164807134504,
            5.385164807134504,
            0.0,
            5.0,
            5.385164807134504,
            7.0710678118654755,
            5.0,
            31.622776601683793,
            26.0,
            29.120439557122072,
            15.231546211727817,
            30.4138126514911,
            14.142135623730951
        ],
        [
            40.311288741492746,
            33.52610922848042,
            29.154759474226502,
            44.94441010848846,
            44.28317965096906,
            29.732137494637012,
            43.18564576337837,
            40.85339643163099,
            28.653097563788805,
            17.0,
            24.20743687382041,
            21.93171219946131,
            5.0,
            10.198039027185569,
            2.0,
            5.0,
            0.0,
            10.198039027185569,
            11.180339887498949,
            7.0710678118654755,
            36.40054944640259,
            30.675723300355934,
            33.95585369269929,
            19.924858845171276,
            35.35533905932738,
            19.1049731745428
        ],
        [
            33.301651610693426,
            34.0,
            27.459060435491963,
            44.40720662234904,
            42.95346318982906,
            26.0,
            33.06055050963308,
            40.311288741492746,
            21.93171219946131,
            11.180339887498949,
            19.235384061671343,
            18.027756377319946,
            12.206555615733702,
            4.0,
            10.770329614269007,
            5.385164807134504,
            10.198039027185569,
            0.0,
            3.0,
            5.830951894845301,
            27.730849247724095,
            22.47220505424423,
            25.079872407968907,
            9.848857801796104,
            25.96150997149434,
            9.848857801796104
        ],
        [
            35.35533905932738,
            37.0,
            30.4138126514911,
            47.38143096192854,
            45.89117562233506,
            28.792360097775937,
            33.015148038438355,
            43.289721643826724,
            24.20743687382041,
            13.92838827718412,
            21.93171219946131,
            20.8806130178211,
            14.142135623730951,
            7.0,
            12.206555615733702,
            7.0710678118654755,
            11.180339887498949,
            3.0,
            0.0,
            5.0,
            29.154759474226502,
            24.20743687382041,
            26.419689627245813,
            9.055385138137417,
            26.92582403567252,
            11.40175425099138
        ],
        [
            39.05124837953327,
            37.33630940518894,
            31.622776601683793,
            48.27007354458868,
            47.12748667179272,
            30.886890422961002,
            38.01315561749642,
            44.14748010928823,
            27.586228448267445,
            16.401219466856727,
            24.413111231467404,
            22.825424421026653,
            11.180339887498949,
            8.602325267042627,
            8.602325267042627,
            5.0,
            7.0710678118654755,
            5.830951894845301,
            5.0,
            0.0,
            33.54101966249684,
            28.30194339616981,
            30.870698080866262,
            14.035668847618199,
            31.622776601683793,
            15.652475842498529
        ],
        [
            10.0,
            33.301651610693426,
            25.0,
            37.21558813185679,
            34.0,
            19.209372712298546,
            16.1245154965971,
            34.40930106817051,
            10.770329614269007,
            20.09975124224178,
            16.76305461424021,
            19.6468827043885,
            35.35533905932738,
            26.248809496813376,
            35.90264614203248,
            31.622776601683793,
            36.40054944640259,
            27.730849247724095,
            29.154759474226502,
            33.54101966249684,
            0.0,
            6.0,
            2.8284271247461903,
            22.627416997969522,
            5.0,
            17.88854381999832
        ],
        [
            11.661903789690601,
            29.068883707497267,
            20.518284528683193,
            34.539832078341085,
            31.622776601683793,
            15.0,
            19.79898987322333,
            31.304951684997057,
            5.656854249492381,
            14.142135623730951,
            11.180339887498949,
            13.92838827718412,
            29.427877939124322,
            20.615528128088304,
            30.083217912982647,
            26.0,
            30.675723300355934,
            22.47220505424423,
            24.20743687382041,
            28.30194339616981,
            6.0,
            0.0,
            4.47213595499958,
            18.867962264113206,
            7.810249675906654,
            12.806248474865697
        ],
        [
            12.165525060596439,
            33.24154027718932,
            24.758836806279895,
            38.01315561749642,
            34.92849839314596,
            19.1049731745428,
            15.620499351813308,
            34.9857113690718,
            10.0,
            18.0,
            15.652475842498529,
            18.384776310850235,
            33.13608305156178,
            23.769728648009426,
            33.54101966249684,
            29.120439557122072,
            33.95585369269929,
            25.079872407968907,
            26.419689627245813,
            30.870698080866262,
            2.8284271247461903,
            4.47213595499958,
            0.0,
            19.79898987322333,
