{
    "customer_1": {
        "coordinates": {
            "x": 45.0,
            "y": 68.0
        },
        "demand": 10.0,
        "due_time": 1030.0,
        "ready_time": 850.0,
        "service_time": 90.0
    },
    "customer_10": {
        "coordinates": {
            "x": 35.0,
            "y": 66.0
        },
        "demand": 10.0,
        "due_time": 474.0,
        "ready_time": 294.0,
        "service_time": 90.0
    },
    "customer_100": {
        "coordinates": {
            "x": 55.0,
            "y": 85.0
        },
        "demand": 20.0,
        "due_time": 777.0,
        "ready_time": 597.0,
        "service_time": 90.0
    },
    "customer_11": {
        "coordinates": {
            "x": 35.0,
            "y": 69.0
        },
        "demand": 10.0,
        "due_time": 567.0,
        "ready_time": 387.0,
        "service_time": 90.0
    },
    "customer_12": {
        "coordinates": {
            "x": 25.0,
            "y": 85.0
        },
        "demand": 20.0,
        "due_time": 777.0,
        "ready_time": 597.0,
        "service_time": 90.0
    },
    "customer_13": {
        "coordinates": {
            "x": 22.0,
            "y": 75.0
        },
        "demand": 30.0,
        "due_time": 210.0,
        "ready_time": 30.0,
        "service_time": 90.0
    },
    "customer_14": {
        "coordinates": {
            "x": 22.0,
            "y": 85.0
        },
        "demand": 10.0,
        "due_time": 684.0,
        "ready_time": 504.0,
        "service_time": 90.0
    },
    "customer_15": {
        "coordinates": {
            "x": 20.0,
            "y": 80.0
        },
        "demand": 40.0,
        "due_time": 497.0,
        "ready_time": 317.0,
        "service_time": 90.0
    },
    "customer_16": {
        "coordinates": {
            "x": 20.0,
            "y": 85.0
        },
        "demand": 40.0,
        "due_time": 592.0,
        "ready_time": 412.0,
        "service_time": 90.0
    },
    "customer_17": {
        "coordinates": {
            "x": 18.0,
            "y": 75.0
        },
        "demand": 20.0,
        "due_time": 214.0,
        "ready_time": 34.0,
        "service_time": 90.0
    },
    "customer_18": {
        "coordinates": {
            "x": 15.0,
            "y": 75.0
        },
        "demand": 20.0,
        "due_time": 307.0,
        "ready_time": 127.0,
        "service_time": 90.0
    },
    "customer_19": {
        "coordinates": {
            "x": 15.0,
            "y": 80.0
        },
        "demand": 10.0,
        "due_time": 402.0,
        "ready_time": 222.0,
        "service_time": 90.0
    },
    "customer_2": {
        "coordinates": {
            "x": 45.0,
            "y": 70.0
        },
        "demand": 30.0,
        "due_time": 938.0,
        "ready_time": 758.0,
        "service_time": 90.0
    },
    "customer_20": {
        "coordinates": {
            "x": 30.0,
            "y": 50.0
        },
        "demand": 10.0,
        "due_time": 190.0,
        "ready_time": 10.0,
        "service_time": 90.0
    },
    "customer_21": {
        "coordinates": {
            "x": 30.0,
            "y": 52.0
        },
        "demand": 20.0,
        "due_time": 1030.0,
        "ready_time": 850.0,
        "service_time": 90.0
    },
    "customer_22": {
        "coordinates": {
            "x": 28.0,
            "y": 52.0
        },
        "demand": 20.0,
        "due_time": 938.0,
        "ready_time": 758.0,
        "service_time": 90.0
    },
    "customer_23": {
        "coordinates": {
            "x": 28.0,
            "y": 55.0
        },
        "demand": 10.0,
        "due_time": 845.0,
        "ready_time": 665.0,
        "service_time": 90.0
    },
    "customer_24": {
        "coordinates": {
            "x": 25.0,
            "y": 50.0
        },
        "demand": 10.0,
        "due_time": 195.0,
        "ready_time": 15.0,
        "service_time": 90.0
    },
    "customer_25": {
        "coordinates": {
            "x": 25.0,
            "y": 52.0
        },
        "demand": 40.0,
        "due_time": 287.0,
        "ready_time": 107.0,
        "service_time": 90.0
    },
    "customer_26": {
        "coordinates": {
            "x": 25.0,
            "y": 55.0
        },
        "demand": 10.0,
        "due_time": 752.0,
        "ready_time": 572.0,
        "service_time": 90.0
    },
    "customer_27": {
        "coordinates": {
            "x": 23.0,
            "y": 52.0
        },
        "demand": 10.0,
        "due_time": 379.0,
        "ready_time": 199.0,
        "service_time": 90.0
    },
    "customer_28": {
        "coordinates": {
            "x": 23.0,
            "y": 55.0
        },
        "demand": 20.0,
        "due_time": 660.0,
        "ready_time": 480.0,
        "service_time": 90.0
    },
    "customer_29": {
        "coordinates": {
            "x": 20.0,
            "y": 50.0
        },
        "demand": 10.0,
        "due_time": 472.0,
        "ready_time": 292.0,
        "service_time": 90.0
    },
    "customer_3": {
        "coordinates": {
            "x": 42.0,
            "y": 66.0
        },
        "demand": 10.0,
        "due_time": 196.0,
        "ready_time": 16.0,
        "service_time": 90.0
    },
    "customer_30": {
        "coordinates": {
            "x": 20.0,
            "y": 55.0
        },
        "demand": 10.0,
        "due_time": 567.0,
        "ready_time": 387.0,
        "service_time": 90.0
    },
    "customer_31": {
        "coordinates": {
            "x": 10.0,
            "y": 35.0
        },
        "demand": 20.0,
        "due_time": 309.0,
        "ready_time": 129.0,
        "service_time": 90.0
    },
    "customer_32": {
        "coordinates": {
            "x": 10.0,
            "y": 40.0
        },
        "demand": 30.0,
        "due_time": 211.0,
        "ready_time": 31.0,
        "service_time": 90.0
    },
    "customer_33": {
        "coordinates": {
            "x": 8.0,
            "y": 40.0
        },
        "demand": 40.0,
        "due_time": 213.0,
        "ready_time": 33.0,
        "service_time": 90.0
    },
    "customer_34": {
        "coordinates": {
            "x": 8.0,
            "y": 45.0
        },
        "demand": 20.0,
        "due_time": 874.0,
        "ready_time": 694.0,
        "service_time": 90.0
    },
    "customer_35": {
        "coordinates": {
            "x": 5.0,
            "y": 35.0
        },
        "demand": 10.0,
        "due_time": 404.0,
        "ready_time": 224.0,
        "service_time": 90.0
    },
    "customer_36": {
        "coordinates": {
            "x": 5.0,
            "y": 45.0
        },
        "demand": 10.0,
        "due_time": 781.0,
        "ready_time": 601.0,
        "service_time": 90.0
    },
    "customer_37": {
        "coordinates": {
            "x": 2.0,
            "y": 40.0
        },
        "demand": 20.0,
        "due_time": 499.0,
        "ready_time": 319.0,
        "service_time": 90.0
    },
    "customer_38": {
        "coordinates": {
            "x": 0.0,
            "y": 40.0
        },
        "demand": 30.0,
        "due_time": 591.0,
        "ready_time": 411.0,
        "service_time": 90.0
    },
    "customer_39": {
        "coordinates": {
            "x": 0.0,
            "y": 45.0
        },
        "demand": 20.0,
        "due_time": 686.0,
        "ready_time": 506.0,
        "service_time": 90.0
    },
    "customer_4": {
        "coordinates": {
            "x": 42.0,
            "y": 68.0
        },
        "demand": 10.0,
        "due_time": 845.0,
        "ready_time": 665.0,
        "service_time": 90.0
    },
    "customer_40": {
        "coordinates": {
            "x": 35.0,
            "y": 30.0
        },
        "demand": 10.0,
        "due_time": 383.0,
        "ready_time": 203.0,
        "service_time": 90.0
    },
    "customer_41": {
        "coordinates": {
            "x": 35.0,
            "y": 32.0
        },
        "demand": 10.0,
        "due_time": 291.0,
        "ready_time": 111.0,
        "service_time": 90.0
    },
    "customer_42": {
        "coordinates": {
            "x": 33.0,
            "y": 32.0
        },
        "demand": 20.0,
        "due_time": 199.0,
        "ready_time": 19.0,
        "service_time": 90.0
    },
    "customer_43": {
        "coordinates": {
            "x": 33.0,
            "y": 35.0
        },
        "demand": 10.0,
        "due_time": 196.0,
        "ready_time": 16.0,
        "service_time": 90.0
    },
    "customer_44": {
        "coordinates": {
            "x": 32.0,
            "y": 30.0
        },
        "demand": 10.0,
        "due_time": 476.0,
        "ready_time": 296.0,
        "service_time": 90.0
    },
    "customer_45": {
        "coordinates": {
            "x": 30.0,
            "y": 30.0
        },
        "demand": 10.0,
        "due_time": 661.0,
        "ready_time": 481.0,
        "service_time": 90.0
    },
    "customer_46": {
        "coordinates": {
            "x": 30.0,
            "y": 32.0
        },
        "demand": 30.0,
        "due_time": 569.0,
        "ready_time": 389.0,
        "service_time": 90.0
    },
    "customer_47": {
        "coordinates": {
            "x": 30.0,
            "y": 35.0
        },
        "demand": 10.0,
        "due_time": 1127.0,
        "ready_time": 947.0,
        "service_time": 90.0
    },
    "customer_48": {
        "coordinates": {
            "x": 28.0,
            "y": 30.0
        },
        "demand": 10.0,
        "due_time": 753.0,
        "ready_time": 573.0,
        "service_time": 90.0
    },
    "customer_49": {
        "coordinates": {
            "x": 28.0,
            "y": 35.0
        },
        "demand": 10.0,
        "due_time": 1124.0,
        "ready_time": 944.0,
        "service_time": 90.0
    },
    "customer_5": {
        "coordinates": {
            "x": 42.0,
            "y": 65.0
        },
        "demand": 10.0,
        "due_time": 195.0,
        "ready_time": 15.0,
        "service_time": 90.0
    },
    "customer_50": {
        "coordinates": {
            "x": 26.0,
            "y": 32.0
        },
        "demand": 10.0,
        "due_time": 938.0,
        "ready_time": 758.0,
        "service_time": 90.0
    },
    "customer_51": {
        "coordinates": {
            "x": 25.0,
            "y": 30.0
        },
        "demand": 10.0,
        "due_time": 846.0,
        "ready_time": 666.0,
        "service_time": 90.0
    },
    "customer_52": {
        "coordinates": {
            "x": 25.0,
            "y": 35.0
        },
        "demand": 10.0,
        "due_time": 1031.0,
        "ready_time": 851.0,
        "service_time": 90.0
    },
    "customer_53": {
        "coordinates": {
            "x": 44.0,
            "y": 5.0
        },
        "demand": 20.0,
        "due_time": 407.0,
        "ready_time": 227.0,
        "service_time": 90.0
    },
    "customer_54": {
        "coordinates": {
            "x": 42.0,
            "y": 10.0
        },
        "demand": 40.0,
        "due_time": 312.0,
        "ready_time": 132.0,
        "service_time": 90.0
    },
    "customer_55": {
        "coordinates": {
            "x": 42.0,
            "y": 15.0
        },
        "demand": 10.0,
        "due_time": 217.0,
        "ready_time": 37.0,
        "service_time": 90.0
    },
    "customer_56": {
        "coordinates": {
            "x": 40.0,
            "y": 5.0
        },
        "demand": 30.0,
        "due_time": 501.0,
        "ready_time": 321.0,
        "service_time": 90.0
    },
    "customer_57": {
        "coordinates": {
            "x": 40.0,
            "y": 15.0
        },
        "demand": 40.0,
        "due_time": 215.0,
        "ready_time": 35.0,
        "service_time": 90.0
    },
    "customer_58": {
        "coordinates": {
            "x": 38.0,
            "y": 5.0
        },
        "demand": 30.0,
        "due_time": 593.0,
        "ready_time": 413.0,
        "service_time": 90.0
    },
    "customer_59": {
        "coordinates": {
            "x": 38.0,
            "y": 15.0
        },
        "demand": 10.0,
        "due_time": 786.0,
        "ready_time": 606.0,
        "service_time": 90.0
    },
    "customer_6": {
        "coordinates": {
            "x": 40.0,
            "y": 69.0
        },
        "demand": 20.0,
        "due_time": 752.0,
        "ready_time": 572.0,
        "service_time": 90.0
    },
    "customer_60": {
        "coordinates": {
            "x": 35.0,
            "y": 5.0
        },
        "demand": 20.0,
        "due_time": 686.0,
        "ready_time": 506.0,
        "service_time": 90.0
    },
    "customer_61": {
        "coordinates": {
            "x": 50.0,
            "y": 30.0
        },
        "demand": 10.0,
        "due_time": 661.0,
        "ready_time": 481.0,
        "service_time": 90.0
    },
    "customer_62": {
        "coordinates": {
            "x": 50.0,
            "y": 35.0
        },
        "demand": 20.0,
        "due_time": 380.0,
        "ready_time": 200.0,
        "service_time": 90.0
    },
    "customer_63": {
        "coordinates": {
            "x": 50.0,
            "y": 40.0
        },
        "demand": 50.0,
        "due_time": 285.0,
        "ready_time": 105.0,
        "service_time": 90.0
    },
    "customer_64": {
        "coordinates": {
            "x": 48.0,
            "y": 30.0
        },
        "demand": 10.0,
        "due_time": 753.0,
        "ready_time": 573.0,
        "service_time": 90.0
    },
    "customer_65": {
        "coordinates": {
            "x": 48.0,
            "y": 40.0
        },
        "demand": 10.0,
        "due_time": 193.0,
        "ready_time": 13.0,
        "service_time": 90.0
    },
    "customer_66": {
        "coordinates": {
            "x": 47.0,
            "y": 35.0
        },
        "demand": 10.0,
        "due_time": 941.0,
        "ready_time": 761.0,
        "service_time": 90.0
    },
    "customer_67": {
        "coordinates": {
            "x": 47.0,
            "y": 40.0
        },
        "demand": 10.0,
        "due_time": 192.0,
        "ready_time": 12.0,
        "service_time": 90.0
    },
    "customer_68": {
        "coordinates": {
            "x": 45.0,
            "y": 30.0
        },
        "demand": 10.0,
        "due_time": 846.0,
        "ready_time": 666.0,
        "service_time": 90.0
    },
    "customer_69": {
        "coordinates": {
            "x": 45.0,
            "y": 35.0
        },
        "demand": 10.0,
        "due_time": 1033.0,
        "ready_time": 853.0,
        "service_time": 90.0
    },
    "customer_7": {
        "coordinates": {
            "x": 40.0,
            "y": 66.0
        },
        "demand": 20.0,
        "due_time": 288.0,
        "ready_time": 108.0,
        "service_time": 90.0
    },
    "customer_70": {
        "coordinates": {
            "x": 95.0,
            "y": 30.0
        },
        "demand": 30.0,
        "due_time": 512.0,
        "ready_time": 332.0,
        "service_time": 90.0
    },
    "customer_71": {
        "coordinates": {
            "x": 95.0,
            "y": 35.0
        },
        "demand": 20.0,
        "due_time": 417.0,
        "ready_time": 237.0,
        "service_time": 90.0
    },
    "customer_72": {
        "coordinates": {
            "x": 53.0,
            "y": 30.0
        },
        "demand": 10.0,
        "due_time": 568.0,
        "ready_time": 388.0,
        "service_time": 90.0
    },
    "customer_73": {
        "coordinates": {
            "x": 92.0,
            "y": 30.0
        },
        "demand": 10.0,
        "due_time": 605.0,
        "ready_time": 425.0,
        "service_time": 90.0
    },
    "customer_74": {
        "coordinates": {
            "x": 53.0,
            "y": 35.0
        },
        "demand": 50.0,
        "due_time": 473.0,
        "ready_time": 293.0,
        "service_time": 90.0
    },
    "customer_75": {
        "coordinates": {
            "x": 45.0,
            "y": 65.0
        },
        "demand": 20.0,
        "due_time": 1123.0,
        "ready_time": 943.0,
        "service_time": 90.0
    },
    "customer_76": {
        "coordinates": {
            "x": 90.0,
            "y": 35.0
        },
        "demand": 10.0,
        "due_time": 322.0,
        "ready_time": 142.0,
        "service_time": 90.0
    },
    "customer_77": {
        "coordinates": {
            "x": 88.0,
            "y": 30.0
        },
        "demand": 10.0,
        "due_time": 699.0,
        "ready_time": 519.0,
        "service_time": 90.0
    },
    "customer_78": {
        "coordinates": {
            "x": 88.0,
            "y": 35.0
        },
        "demand": 20.0,
        "due_time": 230.0,
        "ready_time": 50.0,
        "service_time": 90.0
    },
    "customer_79": {
        "coordinates": {
            "x": 87.0,
            "y": 30.0
        },
        "demand": 10.0,
        "due_time": 790.0,
        "ready_time": 610.0,
        "service_time": 90.0
    },
    "customer_8": {
        "coordinates": {
            "x": 38.0,
            "y": 68.0
        },
        "demand": 20.0,
        "due_time": 380.0,
        "ready_time": 200.0,
        "service_time": 90.0
    },
    "customer_80": {
        "coordinates": {
            "x": 85.0,
            "y": 25.0
        },
        "demand": 10.0,
        "due_time": 885.0,
        "ready_time": 705.0,
        "service_time": 90.0
    },
    "customer_81": {
        "coordinates": {
            "x": 85.0,
            "y": 35.0
        },
        "demand": 30.0,
        "due_time": 227.0,
        "ready_time": 47.0,
        "service_time": 90.0
    },
    "customer_82": {
        "coordinates": {
            "x": 75.0,
            "y": 55.0
        },
        "demand": 20.0,
        "due_time": 485.0,
        "ready_time": 305.0,
        "service_time": 90.0
    },
    "customer_83": {
        "coordinates": {
            "x": 72.0,
            "y": 55.0
        },
        "demand": 10.0,
        "due_time": 392.0,
        "ready_time": 212.0,
        "service_time": 90.0
    },
    "customer_84": {
        "coordinates": {
            "x": 70.0,
            "y": 58.0
        },
        "demand": 20.0,
        "due_time": 581.0,
        "ready_time": 401.0,
        "service_time": 90.0
    },
    "customer_85": {
        "coordinates": {
            "x": 68.0,
            "y": 60.0
        },
        "demand": 30.0,
        "due_time": 674.0,
        "ready_time": 494.0,
        "service_time": 90.0
    },
    "customer_86": {
        "coordinates": {
            "x": 66.0,
            "y": 55.0
        },
        "demand": 10.0,
        "due_time": 296.0,
        "ready_time": 116.0,
        "service_time": 90.0
    },
    "customer_87": {
        "coordinates": {
            "x": 65.0,
            "y": 55.0
        },
        "demand": 20.0,
        "due_time": 205.0,
        "ready_time": 25.0,
        "service_time": 90.0
    },
    "customer_88": {
        "coordinates": {
            "x": 65.0,
            "y": 60.0
        },
        "demand": 30.0,
        "due_time": 767.0,
        "ready_time": 587.0,
        "service_time": 90.0
    },
    "customer_89": {
        "coordinates": {
            "x": 63.0,
            "y": 58.0
        },
        "demand": 10.0,
        "due_time": 860.0,
        "ready_time": 680.0,
        "service_time": 90.0
    },
    "customer_9": {
        "coordinates": {
            "x": 38.0,
            "y": 70.0
        },
        "demand": 10.0,
        "due_time": 660.0,
        "ready_time": 480.0,
        "service_time": 90.0
    },
    "customer_90": {
        "coordinates": {
            "x": 60.0,
            "y": 55.0
        },
        "demand": 10.0,
        "due_time": 200.0,
        "ready_time": 20.0,
        "service_time": 90.0
    },
    "customer_91": {
        "coordinates": {
            "x": 60.0,
            "y": 60.0
        },
        "demand": 10.0,
        "due_time": 953.0,
        "ready_time": 773.0,
        "service_time": 90.0
    },
    "customer_92": {
        "coordinates": {
            "x": 67.0,
            "y": 85.0
        },
        "demand": 20.0,
        "due_time": 495.0,
        "ready_time": 315.0,
        "service_time": 90.0
    },
    "customer_93": {
        "coordinates": {
            "x": 65.0,
            "y": 85.0
        },
        "demand": 40.0,
        "due_time": 587.0,
        "ready_time": 407.0,
        "service_time": 90.0
    },
    "customer_94": {
        "coordinates": {
            "x": 65.0,
            "y": 82.0
        },
        "demand": 10.0,
        "due_time": 401.0,
        "ready_time": 221.0,
        "service_time": 90.0
    },
    "customer_95": {
        "coordinates": {
            "x": 62.0,
            "y": 80.0
        },
        "demand": 30.0,
        "due_time": 308.0,
        "ready_time": 128.0,
        "service_time": 90.0
    },
    "customer_96": {
        "coordinates": {
            "x": 60.0,
            "y": 80.0
        },
        "demand": 10.0,
        "due_time": 216.0,
        "ready_time": 36.0,
        "service_time": 90.0
    },
    "customer_97": {
        "coordinates": {
            "x": 60.0,
            "y": 85.0
        },
        "demand": 30.0,
        "due_time": 682.0,
        "ready_time": 502.0,
        "service_time": 90.0
    },
    "customer_98": {
        "coordinates": {
            "x": 58.0,
            "y": 75.0
        },
        "demand": 20.0,
        "due_time": 210.0,
        "ready_time": 30.0,
        "service_time": 90.0
    },
    "customer_99": {
        "coordinates": {
            "x": 55.0,
            "y": 80.0
        },
        "demand": 10.0,
        "due_time": 872.0,
        "ready_time": 692.0,
        "service_time": 90.0
    },
    "depart": {
        "coordinates": {
            "x": 40.0,
            "y": 50.0
        },
        "demand": 0.0,
        "due_time": 1236.0,
        "ready_time": 0.0,
        "service_time": 0.0
    },
    "distance_matrix": [
        [
            0.0,
            18.681541692269406,
            20.615528128088304,
            16.1245154965971,
            18.110770276274835,
            15.132745950421556,
            19.0,
            16.0,
            18.110770276274835,
            20.09975124224178,
            16.76305461424021,
            19.6468827043885,
            38.07886552931954,
            30.805843601498726,
            39.35733730830886,
            36.05551275463989,
            40.311288741492746,
            33.301651610693426,
            35.35533905932738,
            39.05124837953327,
            10.0,
            10.198039027185569,
            12.165525060596439,
            13.0,
            15.0,
            15.132745950421556
        ],
        [
            18.681541692269406,
            0.0,
            2.0,
            3.605551275463989,
            3.0,
            4.242640687119285,
            5.0990195135927845,
            5.385164807134504,
            7.0,
            7.280109889280518,
            10.198039027185569,
            10.04987562112089,
            26.248809496813376,
            24.041630560342615,
            28.600699292150182,
            27.730849247724095,
            30.23243291566195,
            27.892651361962706,
            30.805843601498726,
            32.31098884280702,
            23.430749027719962,
            21.93171219946131,
            23.345235059857504,
            21.400934559032695,
            26.90724809414742,
            25.612496949731394
        ],
        [
            20.615528128088304,
            2.0,
            0.0,
            5.0,
            3.605551275463989,
            5.830951894845301,
            5.0990195135927845,
            6.4031242374328485,
            7.280109889280518,
            7.0,
            10.770329614269007,
            10.04987562112089,
            25.0,
            23.53720459187964,
            27.459060435491963,
            26.92582403567252,
            29.154759474226502,
            27.459060435491963,
            30.4138126514911,
            31.622776601683793,
            25.0,
            23.430749027719962,
            24.758836806279895,
            22.67156809750927,
            28.284271247461902,
            26.90724809414742
        ],
        [
            16.1245154965971,
            3.605551275463989,
            5.0,
            0.0,
            2.0,
            1.0,
            3.605551275463989,
            2.0,
            4.47213595499958,
            5.656854249492381,
            7.0,
            7.615773105863909,
            25.495097567963924,
            21.93171219946131,
            27.586228448267445,
            26.076809620810597,
            29.068883707497267,
            25.632011235952593,
            28.460498941515414,
            30.4138126514911,
            20.0,
            18.439088914585774,
            19.79898987322333,
            17.804493814764857,
            23.345235059857504,
            22.02271554554524
        ],
        [
            18.110770276274835,
            3.0,
            3.605551275463989,
            2.0,
            0.0,
            3.0,
            2.23606797749979,
            2.8284271247461903,
            4.0,
            4.47213595499958,
            7.280109889280518,
            7.0710678118654755,
            24.041630560342615,
            21.18962010041709,
            26.248809496813376,
            25.059928172283335,
            27.80287754891569,
            25.0,
            27.892651361962706,
            29.546573405388315,
            21.633307652783937,
            20.0,
            21.2602916254693,
            19.1049731745428,
            24.758836806279895,
            23.345235059857504
        ],
        [
            15.132745950421556,
            4.242640687119285,
            5.830951894845301,
            1.0,
            3.0,
            0.0,
            4.47213595499958,
            2.23606797749979,
            5.0,
            6.4031242374328485,
            7.0710678118654755,
            8.06225774829855,
            26.248809496813376,
            22.360679774997898,
            28.284271247461902,
            26.627053911388696,
            29.732137494637012,
            26.0,
            28.792360097775937,
            30.886890422961002,
            19.209372712298546,
            17.69180601295413,
            19.1049731745428,
            17.204650534085253,
            22.67156809750927,
            21.400934559032695
        ],
        [
            19.0,
            5.0990195135927845,
            5.0990195135927845,
            3.605551275463989,
            2.23606797749979,
            4.47213595499958,
            0.0,
            3.0,
            2.23606797749979,
            2.23606797749979,
            5.830951894845301,
            5.0,
            21.93171219946131,
            18.973665961010276,
            24.08318915758459,
            22.825424421026653,
            25.612496949731394,
            22.80350850198276,
            25.709920264364882,
            27.313000567495326,
            21.470910553583888,
            19.72308292331602,
            20.808652046684813,
            18.439088914585774,
            24.20743687382041,
            22.67156809750927
        ],
        [
            16.0,
            5.385164807134504,
            6.4031242374328485,
            2.0,
            2.8284271247461903,
            2.23606797749979,
            3.0,
            0.0,
            2.8284271247461903,
            4.47213595499958,
            5.0,
            5.830951894845301,
            24.20743687382041,
            20.12461179749811,
            26.1725046566048,
            24.413111231467404,
            27.586228448267445,
            23.769728648009426,
            26.570660511172846,
            28.653097563788805,
            18.867962264113206,
            17.204650534085253,
            18.439088914585774,
            16.278820596099706,
            21.93171219946131,
            20.518284528683193
        ],
        [
            18.110770276274835,
            7.0,
            7.280109889280518,
            4.47213595499958,
            4.0,
            5.0,
            2.23606797749979,
            2.8284271247461903,
            0.0,
            2.0,
            3.605551275463989,
            3.1622776601683795,
            21.400934559032695,
            17.46424919657298,
            23.345235059857504,
            21.633307652783937,
            24.758836806279895,
            21.18962010041709,
            24.041630560342615,
            25.942243542145693,
            19.697715603592208,
            17.88854381999832,
            18.867962264113206,
            16.401219466856727,
            22.20360331117452,
            20.615528128088304
        ],
        [
            20.09975124224178,
            7.280109889280518,
            7.0,
            5.656854249492381,
            4.47213595499958,
            6.4031242374328485,
            2.23606797749979,
            4.47213595499958,
            2.0,
            0.0,
            5.0,
            3.1622776601683795,
            19.849433241279208,
            16.76305461424021,
            21.93171219946131,
            20.591260281974,
            23.430749027719962,
            20.615528128088304,
            23.53720459187964,
            25.079872407968907,
            21.540659228538015,
            19.697715603592208,
            20.591260281974,
            18.027756377319946,
            23.853720883753127,
            22.20360331117452
        ],
        [
            16.76305461424021,
            10.198039027185569,
            10.770329614269007,
            7.0,
            7.280109889280518,
            7.0710678118654755,
            5.830951894845301,
            5.0,
            3.605551275463989,
            5.0,
            0.0,
            3.0,
            21.470910553583888,
            15.811388300841896,
            23.021728866442675,
            20.518284528683193,
            24.20743687382041,
            19.235384061671343,
            21.93171219946131,
            24.413111231467404,
            16.76305461424021,
            14.866068747318506,
            15.652475842498529,
            13.038404810405298,
            18.867962264113206,
            17.204650534085253
        ],
        [
            19.6468827043885,
            10.04987562112089,
            10.04987562112089,
            7.615773105863909,
            7.0710678118654755,
            8.06225774829855,
            5.0,
            5.830951894845301,
            3.1622776601683795,
            3.1622776601683795,
            3.0,
            0.0,
            18.867962264113206,
            14.317821063276353,
            20.615528128088304,
            18.601075237738275,
            21.93171219946131,
            18.027756377319946,
            20.8806130178211,
            22.825424421026653,
            19.6468827043885,
            17.72004514666935,
            18.384776310850235,
            15.652475842498529,
            21.470910553583888,
            19.72308292331602
        ],
        [
            38.07886552931954,
            26.248809496813376,
            25.0,
            25.495097567963924,
            24.041630560342615,
            26.248809496813376,
            21.93171219946131,
            24.20743687382041,
            21.400934559032695,
            19.849433241279208,
            21.470910553583888,
            18.867962264113206,
            0.0,
            10.44030650891055,
            3.0,
            7.0710678118654755,
            5.0,
            12.206555615733702,
            14.142135623730951,
            11.180339887498949,
            35.35533905932738,
            33.37663853655727,
            33.13608305156178,
            30.14962686336267,
            35.0,
            33.0
        ],
        [
            30.805843601498726,
            24.041630560342615,
            23.53720459187964,
            21.93171219946131,
            21.18962010041709,
            22.360679774997898,
            18.973665961010276,
            20.12461179749811,
            17.46424919657298,
            16.76305461424021,
            15.811388300841896,
            14.317821063276353,
            10.44030650891055,
            0.0,
            10.0,
            5.385164807134504,
            10.198039027185569,
            4.0,
            7.0,
            8.602325267042627,
            26.248809496813376,
            24.351591323771842,
            23.769728648009426,
            20.8806130178211,
            25.179356624028344,
            23.194827009486403
        ],
        [
            39.35733730830886,
            28.600699292150182,
            27.459060435491963,
            27.586228448267445,
            26.248809496813376,
            28.284271247461902,
            24.08318915758459,
            26.1725046566048,
            23.345235059857504,
            21.93171219946131,
            23.021728866442675,
            20.615528128088304,
            3.0,
            10.0,
            0.0,
            5.385164807134504,
            2.0,
            10.770329614269007,
            12.206555615733702,
            8.602325267042627,
            35.90264614203248,
            33.95585369269929,
            33.54101966249684,
            30.59411708155671,
            35.12833614050059,
            33.13608305156178
        ],
        [
            36.05551275463989,
            27.730849247724095,
            26.92582403567252,
            26.076809620810597,
            25.059928172283335,
            26.627053911388696,
            22.825424421026653,
            24.413111231467404,
            21.633307652783937,
            20.591260281974,
            20.518284528683193,
            18.601075237738275,
            7.0710678118654755,
            5.385164807134504,
            5.385164807134504,
            0.0,
            5.0,
            5.385164807134504,
            7.0710678118654755,
            5.0,
            31.622776601683793,
            29.732137494637012,
            29.120439557122072,
            26.248809496813376,
            30.4138126514911,
            28.442925306655784
        ],
        [
            40.311288741492746,
            30.23243291566195,
            29.154759474226502,
            29.068883707497267,
            27.80287754891569,
            29.732137494637012,
            25.612496949731394,
            27.586228448267445,
            24.758836806279895,
            23.430749027719962,
            24.20743687382041,
            21.93171219946131,
            5.0,
            10.198039027185569,
            2.0,
            5.0,
            0.0,
            10.198039027185569,
            11.180339887498949,
            7.0710678118654755,
            36.40054944640259,
            34.48187929913333,
            33.95585369269929,
            31.04834939252005,
            35.35533905932738,
            33.37663853655727
        ],
        [
            33.301651610693426,
            27.892651361962706,
            27.459060435491963,
            25.632011235952593,
            25.0,
            26.0,
            22.80350850198276,
            23.769728648009426,
            21.18962010041709,
            20.615528128088304,
            19.235384061671343,
            18.027756377319946,
            12.206555615733702,
            4.0,
            10.770329614269007,
            5.385164807134504,
            10.198039027185569,
            0.0,
            3.0,
            5.830951894845301,
            27.730849247724095,
            25.942243542145693,
            25.079872407968907,
            22.360679774997898,
            25.96150997149434,
            24.041630560342615
        ],
        [
            35.35533905932738,
            30.805843601498726,
            30.4138126514911,
            28.460498941515414,
            27.892651361962706,
            28.792360097775937,
            25.709920264364882,
            26.570660511172846,
            24.041630560342615,
            23.53720459187964,
            21.93171219946131,
            20.8806130178211,
            14.142135623730951,
            7.0,
            12.206555615733702,
            7.0710678118654755,
            11.180339887498949,
            3.0,
            0.0,
            5.0,
            29.154759474226502,
            27.459060435491963,
            26.419689627245813,
            23.853720883753127,
            26.92582403567252,
            25.079872407968907
        ],
        [
            39.05124837953327,
            32.31098884280702,
            31.622776601683793,
            30.4138126514911,
            29.546573405388315,
            30.886890422961002,
            27.313000567495326,
            28.653097563788805,
            25.942243542145693,
            25.079872407968907,
            24.413111231467404,
            22.825424421026653,
            11.180339887498949,
            8.602325267042627,
            8.602325267042627,
            5.0,
            7.0710678118654755,
            5.830951894845301,
            5.0,
            0.0,
            33.54101966249684,
            31.76476034853718,
            30.870698080866262,
            28.178005607210743,
            31.622776601683793,
            29.732137494637012
        ],
        [
            10.0,
            23.430749027719962,
            25.0,
            20.0,
            21.633307652783937,
            19.209372712298546,
            21.470910553583888,
            18.867962264113206,
            19.697715603592208,
            21.540659228538015,
            16.76305461424021,
            19.6468827043885,
            35.35533905932738,
            26.248809496813376,
            35.90264614203248,
            31.622776601683793,
            36.40054944640259,
            27.730849247724095,
            29.154759474226502,
            33.54101966249684,
            0.0,
            2.0,
            2.8284271247461903,
            5.385164807134504,
            5.0,
            5.385164807134504
        ],
        [
            10.198039027185569,
            21.93171219946131,
            23.430749027719962,
            18.439088914585774,
            20.0,
            17.69180601295413,
            19.72308292331602,
            17.204650534085253,
            17.88854381999832,
            19.697715603592208,
            14.866068747318506,
            17.72004514666935,
            33.37663853655727,
            24.351591323771842,
            33.95585369269929,
            29.732137494637012,
            34.48187929913333,
            25.942243542145693,
            27.459060435491963,
            31.76476034853718,
            2.0,
            0.0,
            2.0,
            3.605551275463989,
            5.385164807134504,
            5.0
        ],
        [
            12.165525060596439,
            23.345235059857504,
            24.758836806279895,
            19.79898987322333,
            21.2602916254693,
            19.1049731745428,
            20.808652046684813,
            18.439088914585774,
            18.867962264113206,
            20.591260281974,
            15.652475842498529,
            18.384776310850235,
            33.13608305156178,
            23.769728648009426,
            33.54101966249684,
            29.120439557122072,
            33.95585369269929,
            25.079872407968907,
            26.419689627245813,
            30.870698080866262,
            2.8284271247461903,
            2.0,
            0.0,
            3.0,
            3.605551275463989,
            3.0
        ],
        [
            13.0,
            21.400934559032695,
            22.67156809750927,
            17.804493814764857,
            19.1049731745428,
            17.204650534085253,
            18.439088914585774,
            16.278820596099706,
