{
    "customer_1": {
        "coordinates": {
            "x": 41.0,
            "y": 49.0
        },
        "demand": 10.0,
        "due_time": 201.0,
        "ready_time": 130.0,
        "service_time": 10.0
    },
    "customer_10": {
        "coordinates": {
            "x": 30.0,
            "y": 60.0
        },
        "demand": 16.0,
        "due_time": 156.0,
        "ready_time": 101.0,
        "service_time": 10.0
    },
    "customer_100": {
        "coordinates": {
            "x": 18.0,
            "y": 18.0
        },
        "demand": 17.0,
        "due_time": 195.0,
        "ready_time": 28.0,
        "service_time": 10.0
    },
    "customer_11": {
        "coordinates": {
            "x": 20.0,
            "y": 65.0
        },
        "demand": 12.0,
        "due_time": 152.0,
        "ready_time": 33.0,
        "service_time": 10.0
    },
    "customer_12": {
        "coordinates": {
            "x": 50.0,
            "y": 35.0
        },
        "demand": 19.0,
        "due_time": 97.0,
        "ready_time": 38.0,
        "service_time": 10.0
    },
    "customer_13": {
        "coordinates": {
            "x": 30.0,
            "y": 25.0
        },
        "demand": 23.0,
        "due_time": 208.0,
        "ready_time": 70.0,
        "service_time": 10.0
    },
    "customer_14": {
        "coordinates": {
            "x": 15.0,
            "y": 10.0
        },
        "demand": 20.0,
        "due_time": 137.0,
        "ready_time": 32.0,
        "service_time": 10.0
    },
    "customer_15": {
        "coordinates": {
            "x": 30.0,
            "y": 5.0
        },
        "demand": 8.0,
        "due_time": 154.0,
        "ready_time": 30.0,
        "service_time": 10.0
    },
    "customer_16": {
        "coordinates": {
            "x": 10.0,
            "y": 20.0
        },
        "demand": 19.0,
        "due_time": 105.0,
        "ready_time": 54.0,
        "service_time": 10.0
    },
    "customer_17": {
        "coordinates": {
            "x": 5.0,
            "y": 30.0
        },
        "demand": 2.0,
        "due_time": 189.0,
        "ready_time": 51.0,
        "service_time": 10.0
    },
    "customer_18": {
        "coordinates": {
            "x": 20.0,
            "y": 40.0
        },
        "demand": 12.0,
        "due_time": 106.0,
        "ready_time": 77.0,
        "service_time": 10.0
    },
    "customer_19": {
        "coordinates": {
            "x": 15.0,
            "y": 60.0
        },
        "demand": 17.0,
        "due_time": 108.0,
        "ready_time": 53.0,
        "service_time": 10.0
    },
    "customer_2": {
        "coordinates": {
            "x": 35.0,
            "y": 17.0
        },
        "demand": 7.0,
        "due_time": 89.0,
        "ready_time": 20.0,
        "service_time": 10.0
    },
    "customer_20": {
        "coordinates": {
            "x": 45.0,
            "y": 65.0
        },
        "demand": 9.0,
        "due_time": 152.0,
        "ready_time": 109.0,
        "service_time": 10.0
    },
    "customer_21": {
        "coordinates": {
            "x": 45.0,
            "y": 20.0
        },
        "demand": 11.0,
        "due_time": 96.0,
        "ready_time": 37.0,
        "service_time": 10.0
    },
    "customer_22": {
        "coordinates": {
            "x": 45.0,
            "y": 10.0
        },
        "demand": 18.0,
        "due_time": 144.0,
        "ready_time": 59.0,
        "service_time": 10.0
    },
    "customer_23": {
        "coordinates": {
            "x": 55.0,
            "y": 5.0
        },
        "demand": 29.0,
        "due_time": 155.0,
        "ready_time": 36.0,
        "service_time": 10.0
    },
    "customer_24": {
        "coordinates": {
            "x": 65.0,
            "y": 35.0
        },
        "demand": 3.0,
        "due_time": 190.0,
        "ready_time": 118.0,
        "service_time": 10.0
    },
    "customer_25": {
        "coordinates": {
            "x": 65.0,
            "y": 20.0
        },
        "demand": 6.0,
        "due_time": 186.0,
        "ready_time": 47.0,
        "service_time": 10.0
    },
    "customer_26": {
        "coordinates": {
            "x": 45.0,
            "y": 30.0
        },
        "demand": 17.0,
        "due_time": 156.0,
        "ready_time": 117.0,
        "service_time": 10.0
    },
    "customer_27": {
        "coordinates": {
            "x": 35.0,
            "y": 40.0
        },
        "demand": 16.0,
        "due_time": 156.0,
        "ready_time": 5.0,
        "service_time": 10.0
    },
    "customer_28": {
        "coordinates": {
            "x": 41.0,
            "y": 37.0
        },
        "demand": 16.0,
        "due_time": 79.0,
        "ready_time": 8.0,
        "service_time": 10.0
    },
    "customer_29": {
        "coordinates": {
            "x": 64.0,
            "y": 42.0
        },
        "demand": 9.0,
        "due_time": 98.0,
        "ready_time": 37.0,
        "service_time": 10.0
    },
    "customer_3": {
        "coordinates": {
            "x": 55.0,
            "y": 45.0
        },
        "demand": 13.0,
        "due_time": 135.0,
        "ready_time": 106.0,
        "service_time": 10.0
    },
    "customer_30": {
        "coordinates": {
            "x": 40.0,
            "y": 60.0
        },
        "demand": 21.0,
        "due_time": 123.0,
        "ready_time": 28.0,
        "service_time": 10.0
    },
    "customer_31": {
        "coordinates": {
            "x": 31.0,
            "y": 52.0
        },
        "demand": 27.0,
        "due_time": 85.0,
        "ready_time": 24.0,
        "service_time": 10.0
    },
    "customer_32": {
        "coordinates": {
            "x": 35.0,
            "y": 69.0
        },
        "demand": 23.0,
        "due_time": 175.0,
        "ready_time": 116.0,
        "service_time": 10.0
    },
    "customer_33": {
        "coordinates": {
            "x": 53.0,
            "y": 52.0
        },
        "demand": 11.0,
        "due_time": 179.0,
        "ready_time": 24.0,
        "service_time": 10.0
    },
    "customer_34": {
        "coordinates": {
            "x": 65.0,
            "y": 55.0
        },
        "demand": 14.0,
        "due_time": 143.0,
        "ready_time": 100.0,
        "service_time": 10.0
    },
    "customer_35": {
        "coordinates": {
            "x": 63.0,
            "y": 65.0
        },
        "demand": 8.0,
        "due_time": 178.0,
        "ready_time": 50.0,
        "service_time": 10.0
    },
    "customer_36": {
        "coordinates": {
            "x": 2.0,
            "y": 60.0
        },
        "demand": 5.0,
        "due_time": 178.0,
        "ready_time": 41.0,
        "service_time": 10.0
    },
    "customer_37": {
        "coordinates": {
            "x": 20.0,
            "y": 20.0
        },
        "demand": 8.0,
        "due_time": 160.0,
        "ready_time": 117.0,
        "service_time": 10.0
    },
    "customer_38": {
        "coordinates": {
            "x": 5.0,
            "y": 5.0
        },
        "demand": 16.0,
        "due_time": 145.0,
        "ready_time": 42.0,
        "service_time": 10.0
    },
    "customer_39": {
        "coordinates": {
            "x": 60.0,
            "y": 12.0
        },
        "demand": 31.0,
        "due_time": 186.0,
        "ready_time": 33.0,
        "service_time": 10.0
    },
    "customer_4": {
        "coordinates": {
            "x": 55.0,
            "y": 20.0
        },
        "demand": 19.0,
        "due_time": 195.0,
        "ready_time": 71.0,
        "service_time": 10.0
    },
    "customer_40": {
        "coordinates": {
            "x": 40.0,
            "y": 25.0
        },
        "demand": 9.0,
        "due_time": 128.0,
        "ready_time": 51.0,
        "service_time": 10.0
    },
    "customer_41": {
        "coordinates": {
            "x": 42.0,
            "y": 7.0
        },
        "demand": 5.0,
        "due_time": 159.0,
        "ready_time": 44.0,
        "service_time": 10.0
    },
    "customer_42": {
        "coordinates": {
            "x": 24.0,
            "y": 12.0
        },
        "demand": 5.0,
        "due_time": 172.0,
        "ready_time": 25.0,
        "service_time": 10.0
    },
    "customer_43": {
        "coordinates": {
            "x": 23.0,
            "y": 3.0
        },
        "demand": 7.0,
        "due_time": 158.0,
        "ready_time": 115.0,
        "service_time": 10.0
    },
    "customer_44": {
        "coordinates": {
            "x": 11.0,
            "y": 14.0
        },
        "demand": 18.0,
        "due_time": 138.0,
        "ready_time": 31.0,
        "service_time": 10.0
    },
    "customer_45": {
        "coordinates": {
            "x": 6.0,
            "y": 38.0
        },
        "demand": 16.0,
        "due_time": 189.0,
        "ready_time": 29.0,
        "service_time": 10.0
    },
    "customer_46": {
        "coordinates": {
            "x": 2.0,
            "y": 48.0
        },
        "demand": 1.0,
        "due_time": 150.0,
        "ready_time": 93.0,
        "service_time": 10.0
    },
    "customer_47": {
        "coordinates": {
            "x": 8.0,
            "y": 56.0
        },
        "demand": 27.0,
        "due_time": 116.0,
        "ready_time": 34.0,
        "service_time": 10.0
    },
    "customer_48": {
        "coordinates": {
            "x": 13.0,
            "y": 52.0
        },
        "demand": 36.0,
        "due_time": 192.0,
        "ready_time": 125.0,
        "service_time": 10.0
    },
    "customer_49": {
        "coordinates": {
            "x": 6.0,
            "y": 68.0
        },
        "demand": 30.0,
        "due_time": 132.0,
        "ready_time": 93.0,
        "service_time": 10.0
    },
    "customer_5": {
        "coordinates": {
            "x": 15.0,
            "y": 30.0
        },
        "demand": 26.0,
        "due_time": 107.0,
        "ready_time": 20.0,
        "service_time": 10.0
    },
    "customer_50": {
        "coordinates": {
            "x": 47.0,
            "y": 47.0
        },
        "demand": 13.0,
        "due_time": 152.0,
        "ready_time": 105.0,
        "service_time": 10.0
    },
    "customer_51": {
        "coordinates": {
            "x": 49.0,
            "y": 58.0
        },
        "demand": 10.0,
        "due_time": 119.0,
        "ready_time": 66.0,
        "service_time": 10.0
    },
    "customer_52": {
        "coordinates": {
            "x": 27.0,
            "y": 43.0
        },
        "demand": 9.0,
        "due_time": 88.0,
        "ready_time": 25.0,
        "service_time": 10.0
    },
    "customer_53": {
        "coordinates": {
            "x": 37.0,
            "y": 31.0
        },
        "demand": 14.0,
        "due_time": 137.0,
        "ready_time": 62.0,
        "service_time": 10.0
    },
    "customer_54": {
        "coordinates": {
            "x": 57.0,
            "y": 29.0
        },
        "demand": 18.0,
        "due_time": 168.0,
        "ready_time": 121.0,
        "service_time": 10.0
    },
    "customer_55": {
        "coordinates": {
            "x": 63.0,
            "y": 23.0
        },
        "demand": 2.0,
        "due_time": 189.0,
        "ready_time": 70.0,
        "service_time": 10.0
    },
    "customer_56": {
        "coordinates": {
            "x": 53.0,
            "y": 12.0
        },
        "demand": 6.0,
        "due_time": 188.0,
        "ready_time": 81.0,
        "service_time": 10.0
    },
    "customer_57": {
        "coordinates": {
            "x": 32.0,
            "y": 12.0
        },
        "demand": 7.0,
        "due_time": 133.0,
        "ready_time": 78.0,
        "service_time": 10.0
    },
    "customer_58": {
        "coordinates": {
            "x": 36.0,
            "y": 26.0
        },
        "demand": 18.0,
        "due_time": 210.0,
        "ready_time": 79.0,
        "service_time": 10.0
    },
    "customer_59": {
        "coordinates": {
            "x": 21.0,
            "y": 24.0
        },
        "demand": 28.0,
        "due_time": 123.0,
        "ready_time": 17.0,
        "service_time": 10.0
    },
    "customer_6": {
        "coordinates": {
            "x": 25.0,
            "y": 30.0
        },
        "demand": 3.0,
        "due_time": 153.0,
        "ready_time": 54.0,
        "service_time": 10.0
    },
    "customer_60": {
        "coordinates": {
            "x": 17.0,
            "y": 34.0
        },
        "demand": 3.0,
        "due_time": 201.0,
        "ready_time": 130.0,
        "service_time": 10.0
    },
    "customer_61": {
        "coordinates": {
            "x": 12.0,
            "y": 24.0
        },
        "demand": 13.0,
        "due_time": 102.0,
        "ready_time": 59.0,
        "service_time": 10.0
    },
    "customer_62": {
        "coordinates": {
            "x": 24.0,
            "y": 58.0
        },
        "demand": 19.0,
        "due_time": 164.0,
        "ready_time": 25.0,
        "service_time": 10.0
    },
    "customer_63": {
        "coordinates": {
            "x": 27.0,
            "y": 69.0
        },
        "demand": 10.0,
        "due_time": 112.0,
        "ready_time": 34.0,
        "service_time": 10.0
    },
    "customer_64": {
        "coordinates": {
            "x": 15.0,
            "y": 77.0
        },
        "demand": 9.0,
        "due_time": 165.0,
        "ready_time": 46.0,
        "service_time": 10.0
    },
    "customer_65": {
        "coordinates": {
            "x": 62.0,
            "y": 77.0
        },
        "demand": 20.0,
        "due_time": 170.0,
        "ready_time": 49.0,
        "service_time": 10.0
    },
    "customer_66": {
        "coordinates": {
            "x": 49.0,
            "y": 73.0
        },
        "demand": 25.0,
        "due_time": 179.0,
        "ready_time": 77.0,
        "service_time": 10.0
    },
    "customer_67": {
        "coordinates": {
            "x": 67.0,
            "y": 5.0
        },
        "demand": 25.0,
        "due_time": 150.0,
        "ready_time": 43.0,
        "service_time": 10.0
    },
    "customer_68": {
        "coordinates": {
            "x": 56.0,
            "y": 39.0
        },
        "demand": 36.0,
        "due_time": 198.0,
        "ready_time": 82.0,
        "service_time": 10.0
    },
    "customer_69": {
        "coordinates": {
            "x": 37.0,
            "y": 47.0
        },
        "demand": 6.0,
        "due_time": 142.0,
        "ready_time": 12.0,
        "service_time": 10.0
    },
    "customer_7": {
        "coordinates": {
            "x": 20.0,
            "y": 50.0
        },
        "demand": 5.0,
        "due_time": 105.0,
        "ready_time": 66.0,
        "service_time": 10.0
    },
    "customer_70": {
        "coordinates": {
            "x": 37.0,
            "y": 56.0
        },
        "demand": 5.0,
        "due_time": 198.0,
        "ready_time": 21.0,
        "service_time": 10.0
    },
    "customer_71": {
        "coordinates": {
            "x": 57.0,
            "y": 68.0
        },
        "demand": 15.0,
        "due_time": 106.0,
        "ready_time": 57.0,
        "service_time": 10.0
    },
    "customer_72": {
        "coordinates": {
            "x": 47.0,
            "y": 16.0
        },
        "demand": 25.0,
        "due_time": 110.0,
        "ready_time": 22.0,
        "service_time": 10.0
    },
    "customer_73": {
        "coordinates": {
            "x": 44.0,
            "y": 17.0
        },
        "demand": 9.0,
        "due_time": 105.0,
        "ready_time": 60.0,
        "service_time": 10.0
    },
    "customer_74": {
        "coordinates": {
            "x": 46.0,
            "y": 13.0
        },
        "demand": 8.0,
        "due_time": 195.0,
        "ready_time": 73.0,
        "service_time": 10.0
    },
    "customer_75": {
        "coordinates": {
            "x": 49.0,
            "y": 11.0
        },
        "demand": 18.0,
        "due_time": 101.0,
        "ready_time": 46.0,
        "service_time": 10.0
    },
    "customer_76": {
        "coordinates": {
            "x": 49.0,
            "y": 42.0
        },
        "demand": 13.0,
        "due_time": 119.0,
        "ready_time": 36.0,
        "service_time": 10.0
    },
    "customer_77": {
        "coordinates": {
            "x": 53.0,
            "y": 43.0
        },
        "demand": 14.0,
        "due_time": 200.0,
        "ready_time": 65.0,
        "service_time": 10.0
    },
    "customer_78": {
        "coordinates": {
            "x": 61.0,
            "y": 52.0
        },
        "demand": 3.0,
        "due_time": 158.0,
        "ready_time": 43.0,
        "service_time": 10.0
    },
    "customer_79": {
        "coordinates": {
            "x": 57.0,
            "y": 48.0
        },
        "demand": 23.0,
        "due_time": 135.0,
        "ready_time": 58.0,
        "service_time": 10.0
    },
    "customer_8": {
        "coordinates": {
            "x": 10.0,
            "y": 43.0
        },
        "demand": 9.0,
        "due_time": 138.0,
        "ready_time": 61.0,
        "service_time": 10.0
    },
    "customer_80": {
        "coordinates": {
            "x": 56.0,
            "y": 37.0
        },
        "demand": 6.0,
        "due_time": 198.0,
        "ready_time": 69.0,
        "service_time": 10.0
    },
    "customer_81": {
        "coordinates": {
            "x": 55.0,
            "y": 54.0
        },
        "demand": 26.0,
        "due_time": 110.0,
        "ready_time": 87.0,
        "service_time": 10.0
    },
    "customer_82": {
        "coordinates": {
            "x": 15.0,
            "y": 47.0
        },
        "demand": 16.0,
        "due_time": 91.0,
        "ready_time": 28.0,
        "service_time": 10.0
    },
    "customer_83": {
        "coordinates": {
            "x": 14.0,
            "y": 37.0
        },
        "demand": 11.0,
        "due_time": 97.0,
        "ready_time": 21.0,
        "service_time": 10.0
    },
    "customer_84": {
        "coordinates": {
            "x": 11.0,
            "y": 31.0
        },
        "demand": 7.0,
        "due_time": 143.0,
        "ready_time": 68.0,
        "service_time": 10.0
    },
    "customer_85": {
        "coordinates": {
            "x": 16.0,
            "y": 22.0
        },
        "demand": 41.0,
        "due_time": 117.0,
        "ready_time": 74.0,
        "service_time": 10.0
    },
    "customer_86": {
        "coordinates": {
            "x": 4.0,
            "y": 18.0
        },
        "demand": 35.0,
        "due_time": 118.0,
        "ready_time": 79.0,
        "service_time": 10.0
    },
    "customer_87": {
        "coordinates": {
            "x": 28.0,
            "y": 18.0
        },
        "demand": 26.0,
        "due_time": 111.0,
        "ready_time": 84.0,
        "service_time": 10.0
    },
    "customer_88": {
        "coordinates": {
            "x": 26.0,
            "y": 52.0
        },
        "demand": 9.0,
        "due_time": 133.0,
        "ready_time": 24.0,
        "service_time": 10.0
    },
    "customer_89": {
        "coordinates": {
            "x": 26.0,
            "y": 35.0
        },
        "demand": 15.0,
        "due_time": 211.0,
        "ready_time": 128.0,
        "service_time": 10.0
    },
    "customer_9": {
        "coordinates": {
            "x": 55.0,
            "y": 60.0
        },
        "demand": 16.0,
        "due_time": 150.0,
        "ready_time": 53.0,
        "service_time": 10.0
    },
    "customer_90": {
        "coordinates": {
            "x": 31.0,
            "y": 67.0
        },
        "demand": 3.0,
        "due_time": 123.0,
        "ready_time": 76.0,
        "service_time": 10.0
    },
    "customer_91": {
        "coordinates": {
            "x": 15.0,
            "y": 19.0
        },
        "demand": 1.0,
        "due_time": 194.0,
        "ready_time": 130.0,
        "service_time": 10.0
    },
    "customer_92": {
        "coordinates": {
            "x": 22.0,
            "y": 22.0
        },
        "demand": 2.0,
        "due_time": 181.0,
        "ready_time": 18.0,
        "service_time": 10.0
    },
    "customer_93": {
        "coordinates": {
            "x": 18.0,
            "y": 24.0
        },
        "demand": 22.0,
        "due_time": 199.0,
        "ready_time": 41.0,
        "service_time": 10.0
    },
    "customer_94": {
        "coordinates": {
            "x": 26.0,
            "y": 27.0
        },
        "demand": 27.0,
        "due_time": 121.0,
        "ready_time": 88.0,
        "service_time": 10.0
    },
    "customer_95": {
        "coordinates": {
            "x": 25.0,
            "y": 24.0
        },
        "demand": 20.0,
        "due_time": 83.0,
        "ready_time": 14.0,
        "service_time": 10.0
    },
    "customer_96": {
        "coordinates": {
            "x": 22.0,
            "y": 27.0
        },
        "demand": 11.0,
        "due_time": 160.0,
        "ready_time": 119.0,
        "service_time": 10.0
    },
    "customer_97": {
        "coordinates": {
            "x": 25.0,
            "y": 21.0
        },
        "demand": 12.0,
        "due_time": 153.0,
        "ready_time": 122.0,
        "service_time": 10.0
    },
    "customer_98": {
        "coordinates": {
            "x": 19.0,
            "y": 21.0
        },
        "demand": 10.0,
        "due_time": 93.0,
        "ready_time": 32.0,
        "service_time": 10.0
    },
    "customer_99": {
        "coordinates": {
            "x": 20.0,
            "y": 26.0
        },
        "demand": 9.0,
        "due_time": 137.0,
        "ready_time": 38.0,
        "service_time": 10.0
    },
    "depart": {
        "coordinates": {
            "x": 35.0,
            "y": 35.0
        },
        "demand": 0.0,
        "due_time": 230.0,
        "ready_time": 0.0,
        "service_time": 0.0
    },
    "distance_matrix": [
        [
            0.0,
            15.231546211727817,
            18.0,
            22.360679774997898,
            25.0,
            20.615528128088304,
            11.180339887498949,
            21.213203435596427,
            26.248809496813376,
            32.01562118716424,
            25.495097567963924,
            33.54101966249684,
            15.0,
            11.180339887498949,
            32.01562118716424,
            30.4138126514911,
            29.154759474226502,
            30.4138126514911,
            15.811388300841896,
            32.01562118716424,
            31.622776601683793,
            18.027756377319946,
            26.92582403567252,
            36.05551275463989,
            30.0,
            33.54101966249684
        ],
        [
            15.231546211727817,
            0.0,
            32.55764119219941,
            14.560219778561036,
            32.202484376209235,
            32.202484376209235,
            24.839484696748443,
            21.02379604162864,
            31.575306807693888,
            17.804493814764857,
            15.556349186104045,
            26.40075756488817,
            16.64331697709324,
            26.40075756488817,
            46.87216658103186,
            45.35416188179427,
            42.44997055358225,
            40.70626487409524,
            22.847319317591726,
            28.231188426986208,
            16.492422502470642,
            29.274562336608895,
            39.20459156782532,
            46.17358552246078,
            27.784887978899608,
            37.64306044943742
        ],
        [
            18.0,
            32.55764119219941,
            0.0,
            34.40930106817051,
            20.223748416156685,
            23.853720883753127,
            16.401219466856727,
            36.24913792078372,
            36.069377593742864,
            47.4236228055175,
            43.289721643826724,
            50.28916384272063,
            23.430749027719962,
            9.433981132056603,
            21.18962010041709,
            13.0,
            25.179356624028344,
            32.69556544854363,
            27.459060435491963,
            47.4236228055175,
            49.03060268852505,
            10.44030650891055,
            12.206555615733702,
            23.323807579381203,
            34.9857113690718,
            30.14962686336267
        ],
        [
            22.360679774997898,
            14.560219778561036,
            34.40930106817051,
            0.0,
            25.0,
            42.720018726587654,
            33.54101966249684,
            35.35533905932738,
            45.044422518220834,
            15.0,
            29.154759474226502,
            40.311288741492746,
            11.180339887498949,
            32.01562118716424,
            53.150729063673246,
            47.16990566028302,
            51.478150704935004,
            52.20153254455275,
            35.35533905932738,
            42.720018726587654,
            22.360679774997898,
            26.92582403567252,
            36.40054944640259,
            40.0,
            14.142135623730951,
            26.92582403567252
        ],
        [
            25.0,
            32.202484376209235,
            20.223748416156685,
            25.0,
            0.0,
            41.23105625617661,
            31.622776601683793,
            46.09772228646444,
            50.53711507397311,
            40.0,
            47.16990566028302,
            57.0087712549569,
            15.811388300841896,
            25.495097567963924,
            41.23105625617661,
            29.154759474226502,
            45.0,
            50.99019513592785,
            40.311288741492746,
            56.568542494923804,
            46.09772228646444,
            10.0,
            14.142135623730951,
            15.0,
            18.027756377319946,
            10.0
        ],
        [
            20.615528128088304,
            32.202484376209235,
            23.853720883753127,
            42.720018726587654,
            41.23105625617661,
            0.0,
            10.0,
            20.615528128088304,
            13.92838827718412,
            50.0,
            33.54101966249684,
            35.35533905932738,
            35.35533905932738,
            15.811388300841896,
            20.0,
            29.154759474226502,
            11.180339887498949,
            10.0,
            11.180339887498949,
            30.0,
            46.09772228646444,
            31.622776601683793,
            36.05551275463989,
            47.16990566028302,
            50.24937810560445,
            50.99019513592785
        ],
        [
            11.180339887498949,
            24.839484696748443,
            16.401219466856727,
            33.54101966249684,
            31.622776601683793,
            10.0,
            0.0,
            20.615528128088304,
            19.849433241279208,
            42.42640687119285,
            30.4138126514911,
            35.35533905932738,
            25.495097567963924,
            7.0710678118654755,
            22.360679774997898,
            25.495097567963924,
            18.027756377319946,
            20.0,
            11.180339887498949,
            31.622776601683793,
            40.311288741492746,
            22.360679774997898,
            28.284271247461902,
            39.05124837953327,
            40.311288741492746,
            41.23105625617661
        ],
        [
            21.213203435596427,
            21.02379604162864,
            36.24913792078372,
            35.35533905932738,
            46.09772228646444,
            20.615528128088304,
            20.615528128088304,
            0.0,
            12.206555615733702,
            36.40054944640259,
            14.142135623730951,
            15.0,
            33.54101966249684,
            26.92582403567252,
            40.311288741492746,
            46.09772228646444,
            31.622776601683793,
            25.0,
            10.0,
            11.180339887498949,
            29.154759474226502,
            39.05124837953327,
            47.16990566028302,
            57.0087712549569,
            47.43416490252569,
            54.08326913195984
        ],
        [
            26.248809496813376,
            31.575306807693888,
            36.069377593742864,
            45.044422518220834,
            50.53711507397311,
            13.92838827718412,
            19.849433241279208,
            12.206555615733702,
            0.0,
            48.104053883222775,
            26.248809496813376,
            24.166091947189145,
            40.792156108742276,
            26.90724809414742,
            33.37663853655727,
            42.941821107167776,
            23.0,
            13.92838827718412,
            10.44030650891055,
            17.72004514666935,
            41.340053217188775,
            41.88078318274385,
            48.104053883222775,
            58.89821729050889,
            55.57877292636101,
            59.61543424315552
        ],
        [
            32.01562118716424,
            17.804493814764857,
            47.4236228055175,
            15.0,
            40.0,
            50.0,
            42.42640687119285,
            36.40054944640259,
            48.104053883222775,
            0.0,
            25.0,
            35.35533905932738,
            25.495097567963924,
            43.01162633521314,
            64.03124237432849,
            60.41522986797286,
            60.207972893961475,
            58.309518948453004,
            40.311288741492746,
            40.0,
            11.180339887498949,
            41.23105625617661,
            50.99019513592785,
            55.0,
            26.92582403567252,
            41.23105625617661
        ],
        [
            25.495097567963924,
            15.556349186104045,
            43.289721643826724,
            29.154759474226502,
            47.16990566028302,
            33.54101966249684,
            30.4138126514911,
            14.142135623730951,
            26.248809496813376,
            25.0,
            0.0,
            11.180339887498949,
            32.01562118716424,
            35.0,
            52.20153254455275,
            55.0,
            44.721359549995796,
            39.05124837953327,
            22.360679774997898,
            15.0,
            15.811388300841896,
            42.720018726587654,
            52.20153254455275,
            60.41522986797286,
            43.01162633521314,
            53.150729063673246
        ],
        [
            33.54101966249684,
            26.40075756488817,
            50.28916384272063,
            40.311288741492746,
            57.0087712549569,
            35.35533905932738,
            35.35533905932738,
            15.0,
            24.166091947189145,
            35.35533905932738,
            11.180339887498949,
            0.0,
            42.42640687119285,
            41.23105625617661,
            55.226805085936306,
            60.8276253029822,
            46.09772228646444,
            38.07886552931954,
            25.0,
            7.0710678118654755,
            25.0,
            51.478150704935004,
            60.41522986797286,
            69.46221994724903,
            54.08326913195984,
            63.63961030678928
        ],
        [
            15.0,
            16.64331697709324,
            23.430749027719962,
            11.180339887498949,
            15.811388300841896,
            35.35533905932738,
            25.495097567963924,
            33.54101966249684,
            40.792156108742276,
            25.495097567963924,
            32.01562118716424,
            42.42640687119285,
            0.0,
            22.360679774997898,
            43.01162633521314,
            36.05551275463989,
            42.720018726587654,
            45.27692569068709,
            30.4138126514911,
            43.01162633521314,
            30.4138126514911,
            15.811388300841896,
            25.495097567963924,
            30.4138126514911,
            15.0,
            21.213203435596427
        ],
        [
            11.180339887498949,
            26.40075756488817,
            9.433981132056603,
            32.01562118716424,
            25.495097567963924,
            15.811388300841896,
            7.0710678118654755,
            26.92582403567252,
            26.90724809414742,
            43.01162633521314,
            35.0,
            41.23105625617661,
            22.360679774997898,
            0.0,
            21.213203435596427,
            20.0,
            20.615528128088304,
            25.495097567963924,
            18.027756377319946,
            38.07886552931954,
            42.720018726587654,
            15.811388300841896,
            21.213203435596427,
            32.01562118716424,
            36.40054944640259,
            35.35533905932738
        ],
        [
            32.01562118716424,
            46.87216658103186,
            21.18962010041709,
            53.150729063673246,
            41.23105625617661,
            20.0,
            22.360679774997898,
            40.311288741492746,
            33.37663853655727,
            64.03124237432849,
            52.20153254455275,
            55.226805085936306,
            43.01162633521314,
            21.213203435596427,
            0.0,
            15.811388300841896,
            11.180339887498949,
            22.360679774997898,
            30.4138126514911,
            50.0,
            62.64982043070834,
            31.622776601683793,
            30.0,
            40.311288741492746,
            55.90169943749474,
            50.99019513592785
        ],
        [
            30.4138126514911,
            45.35416188179427,
            13.0,
            47.16990566028302,
            29.154759474226502,
            29.154759474226502,
            25.495097567963924,
            46.09772228646444,
            42.941821107167776,
            60.41522986797286,
            55.0,
            60.8276253029822,
            36.05551275463989,
            20.0,
            15.811388300841896,
            0.0,
            25.0,
            35.35533905932738,
            36.40054944640259,
            57.0087712549569,
            61.84658438426491,
            21.213203435596427,
            15.811388300841896,
            25.0,
            46.09772228646444,
            38.07886552931954
        ],
        [
            29.154759474226502,
            42.44997055358225,
            25.179356624028344,
            51.478150704935004,
            45.0,
            11.180339887498949,
            18.027756377319946,
            31.622776601683793,
            23.0,
            60.207972893961475,
            44.721359549995796,
            46.09772228646444,
            42.720018726587654,
            20.615528128088304,
            11.180339887498949,
            25.0,
            0.0,
            11.180339887498949,
            22.360679774997898,
            40.311288741492746,
            57.0087712549569,
            35.0,
            36.40054944640259,
            47.43416490252569,
            57.0087712549569,
            55.0
        ],
        [
            30.4138126514911,
            40.70626487409524,
            32.69556544854363,
            52.20153254455275,
            50.99019513592785,
            10.0,
            20.0,
            25.0,
            13.92838827718412,
            58.309518948453004,
            39.05124837953327,
            38.07886552931954,
            45.27692569068709,
            25.495097567963924,
            22.360679774997898,
            35.35533905932738,
            11.180339887498949,
            0.0,
            18.027756377319946,
            31.622776601683793,
            53.150729063673246,
            41.23105625617661,
            44.721359549995796,
            55.90169943749474,
            60.207972893961475,
            60.8276253029822
        ],
        [
            15.811388300841896,
            22.847319317591726,
            27.459060435491963,
            35.35533905932738,
            40.311288741492746,
            11.180339887498949,
            11.180339887498949,
            10.0,
            10.44030650891055,
            40.311288741492746,
            22.360679774997898,
            25.0,
            30.4138126514911,
            18.027756377319946,
            30.4138126514911,
            36.40054944640259,
            22.360679774997898,
            18.027756377319946,
            0.0,
            20.615528128088304,
            35.35533905932738,
            32.01562118716424,
            39.05124837953327,
            49.49747468305833,
            45.27692569068709,
            49.24428900898052
        ],
        [
            32.01562118716424,
            28.231188426986208,
            47.4236228055175,
            42.720018726587654,
            56.568542494923804,
            30.0,
            31.622776601683793,
            11.180339887498949,
            17.72004514666935,
            40.0,
            15.0,
            7.0710678118654755,
            43.01162633521314,
            38.07886552931954,
            50.0,
            57.0087712549569,
            40.311288741492746,
            31.622776601683793,
            20.615528128088304,
            0.0,
            30.4138126514911,
            50.0,
            58.309518948453004,
            68.00735254367721,
            55.90169943749474,
            64.03124237432849
        ],
        [
            31.622776601683793,
            16.492422502470642,
            49.03060268852505,
            22.360679774997898,
            46.09772228646444,
            46.09772228646444,
            40.311288741492746,
            29.154759474226502,
            41.340053217188775,
            11.180339887498949,
            15.811388300841896,
            25.0,
            30.4138126514911,
            42.720018726587654,
            62.64982043070834,
            61.84658438426491,
            57.0087712549569,
            53.150729063673246,
            35.35533905932738,
            30.4138126514911,
            0.0,
            45.0,
            55.0,
            60.8276253029822,
            36.05551275463989,
            49.24428900898052
        ],
        [
            18.027756377319946,
            29.274562336608895,
            10.44030650891055,
            26.92582403567252,
            10.0,
            31.622776601683793,
            22.360679774997898,
            39.05124837953327,
            41.88078318274385,
            41.23105625617661,
            42.720018726587654,
            51.478150704935004,
            15.811388300841896,
            15.811388300841896,
            31.622776601683793,
            21.213203435596427,
            35.0,
            41.23105625617661,
            32.01562118716424,
            50.0,
            45.0,
            0.0,
            10.0,
            18.027756377319946,
            25.0,
            20.0
        ],
        [
            26.92582403567252,
            39.20459156782532,
            12.206555615733702,
            36.40054944640259,
            14.142135623730951,
            36.05551275463989,
            28.284271247461902,
            47.16990566028302,
            48.104053883222775,
            50.99019513592785,
            52.20153254455275,
            60.41522986797286,
            25.495097567963924,
            21.213203435596427,
            30.0,
            15.811388300841896,
            36.40054944640259,
            44.721359549995796,
            39.05124837953327,
            58.309518948453004,
            55.0,
            10.0,
            0.0,
            11.180339887498949,
            32.01562118716424,
            22.360679774997898
        ],
        [
            36.05551275463989,
            46.17358552246078,
            23.323807579381203,
            40.0,
            15.0,
            47.16990566028302,
            39.05124837953327,
            57.0087712549569,
            58.89821729050889,
